timestamp,open,high,low,close,volume
2025-09-18 10:10:00+05:30,190.0,191.0,190.0,190.0,0
2025-09-18 10:20:00+05:30,190.0,190.0,190.0,190.0,117
2025-09-18 10:25:00+05:30,190.0,190.0,190.0,190.0,35
2025-09-18 10:30:00+05:30,190.0,190.0,189.99,189.99,4
2025-09-18 10:40:00+05:30,189.99,189.99,189.99,189.99,1
2025-09-18 10:45:00+05:30,189.99,189.99,189.99,189.99,0
2025-09-18 10:50:00+05:30,189.99,189.99,189.5,189.5,20
2025-09-18 10:55:00+05:30,190.0,190.0,190.0,190.0,263
2025-09-18 11:00:00+05:30,190.0,190.0,190.0,190.0,0
2025-09-18 11:05:00+05:30,190.0,190.0,190.0,190.0,2
2025-09-18 11:10:00+05:30,190.0,190.0,190.0,190.0,0
2025-09-18 11:25:00+05:30,190.0,190.0,190.0,190.0,15
2025-09-18 11:30:00+05:30,189.5,189.5,189.5,189.5,696
2025-09-18 11:40:00+05:30,189.5,189.5,189.5,189.5,0
2025-09-18 11:45:00+05:30,189.5,189.5,189.5,189.5,500
2025-09-18 11:50:00+05:30,189.5,189.5,189.5,189.5,6
2025-09-18 11:55:00+05:30,189.5,189.5,189.0,189.0,1
2025-09-18 12:00:00+05:30,189.0,189.0,189.0,189.0,0
2025-09-18 12:05:00+05:30,189.0,189.0,189.0,189.0,1
2025-09-18 12:10:00+05:30,189.0,189.0,189.0,189.0,0
2025-09-18 12:15:00+05:30,189.0,189.0,189.0,189.0,0
2025-09-18 12:30:00+05:30,189.0,189.0,189.0,189.0,99
2025-09-18 12:35:00+05:30,189.0,189.0,189.0,189.0,25
2025-09-18 12:40:00+05:30,189.0,189.0,189.0,189.0,1
2025-09-18 12:50:00+05:30,189.0,189.0,189.0,189.0,5
2025-09-18 12:55:00+05:30,189.0,189.0,189.0,189.0,0
2025-09-18 13:00:00+05:30,189.0,189.0,189.0,189.0,0
2025-09-18 13:05:00+05:30,189.0,189.0,189.0,189.0,0
2025-09-18 13:10:00+05:30,189.0,189.0,189.0,189.0,0
2025-09-18 13:15:00+05:30,188.1,188.1,188.1,188.1,3
2025-09-18 13:25:00+05:30,188.1,188.1,188.1,188.1,0
2025-09-18 13:45:00+05:30,188.1,188.1,188.1,188.1,0
2025-09-18 13:50:00+05:30,188.1,188.1,188.1,188.1,0
2025-09-18 13:55:00+05:30,188.0,188.0,187.9,187.9,68
2025-09-18 14:00:00+05:30,187.9,187.9,187.9,187.9,0
2025-09-18 14:05:00+05:30,187.9,187.9,187.9,187.9,2
2025-09-18 14:10:00+05:30,187.9,187.9,187.9,187.9,40
2025-09-18 14:15:00+05:30,187.9,187.9,186.15,186.15,41
2025-09-18 14:20:00+05:30,186.15,186.15,186.15,186.15,0
2025-09-18 14:25:00+05:30,186.15,187.9,186.15,187.9,50
2025-09-18 14:35:00+05:30,187.9,187.9,187.9,187.9,0
2025-09-18 14:40:00+05:30,187.9,187.9,187.9,187.9,0
2025-09-18 14:45:00+05:30,187.9,187.9,187.9,187.9,630
2025-09-18 14:50:00+05:30,187.9,189.0,187.9,189.0,298
2025-09-18 14:55:00+05:30,189.0,189.0,189.0,189.0,0
2025-09-18 15:00:00+05:30,190.0,190.0,190.0,190.0,1
2025-09-18 15:05:00+05:30,190.0,190.0,190.0,190.0,0
2025-09-18 15:10:00+05:30,190.0,190.0,190.0,190.0,116
2025-09-18 15:15:00+05:30,190.0,192.0,190.0,192.0,479
2025-09-18 15:20:00+05:30,192.0,192.0,192.0,192.0,0
2025-09-18 15:25:00+05:30,186.32,186.32,186.32,186.32,3
2025-09-19 09:20:00+05:30,188.1,188.1,188.1,188.1,0
2025-09-19 09:25:00+05:30,188.1,193.5,188.1,189.0,205
2025-09-19 09:30:00+05:30,189.0,189.0,189.0,189.0,0
2025-09-19 09:35:00+05:30,189.0,189.0,189.0,189.0,12
2025-09-19 09:40:00+05:30,189.0,189.0,189.0,189.0,0
2025-09-19 09:45:00+05:30,189.0,189.0,189.0,189.0,0
2025-09-19 09:50:00+05:30,189.0,189.0,188.1,188.1,100
2025-09-19 09:55:00+05:30,188.1,193.5,188.1,189.01,1091
2025-09-19 10:00:00+05:30,189.01,189.01,189.01,189.01,0
2025-09-19 10:05:00+05:30,189.01,189.01,189.01,189.01,0
2025-09-19 10:10:00+05:30,189.01,193.0,189.01,193.0,410
2025-09-19 10:15:00+05:30,193.0,193.0,193.0,193.0,0
2025-09-19 10:20:00+05:30,193.0,193.0,193.0,193.0,0
2025-09-19 10:25:00+05:30,193.0,193.0,192.99,192.99,10
2025-09-19 10:30:00+05:30,192.99,193.0,192.99,193.0,500
2025-09-19 10:35:00+05:30,193.0,193.0,192.99,192.99,3
2025-09-19 10:40:00+05:30,192.99,192.99,190.01,190.01,80
2025-09-19 10:50:00+05:30,190.01,190.01,190.01,190.01,0
2025-09-19 10:55:00+05:30,190.01,190.01,190.01,190.01,0
2025-09-19 11:00:00+05:30,190.01,191.0,190.01,191.0,450
2025-09-19 11:20:00+05:30,191.0,191.0,191.0,191.0,0
2025-09-19 11:25:00+05:30,191.0,191.0,191.0,191.0,50
2025-09-19 11:30:00+05:30,191.0,191.0,191.0,191.0,0
2025-09-19 11:35:00+05:30,191.0,191.0,191.0,191.0,0
2025-09-19 11:45:00+05:30,191.0,191.0,191.0,191.0,0
2025-09-19 11:50:00+05:30,190.01,190.01,190.01,190.01,10
2025-09-19 11:55:00+05:30,190.01,190.01,190.01,190.01,300
2025-09-19 12:00:00+05:30,190.01,190.01,190.01,190.01,0
2025-09-19 12:05:00+05:30,190.01,190.01,190.01,190.01,0
2025-09-19 12:10:00+05:30,190.01,190.01,190.01,190.01,0
2025-09-19 12:15:00+05:30,190.01,190.01,190.0,190.0,340
2025-09-19 12:20:00+05:30,190.0,190.0,190.0,190.0,139
2025-09-19 12:25:00+05:30,190.0,190.0,190.0,190.0,1
2025-09-19 12:35:00+05:30,189.15,189.15,189.15,189.15,100
2025-09-19 12:40:00+05:30,189.15,189.15,189.15,189.15,0
2025-09-19 12:50:00+05:30,189.15,189.15,189.15,189.15,300
2025-09-19 12:55:00+05:30,189.15,189.15,189.15,189.15,0
2025-09-19 13:00:00+05:30,189.01,189.01,189.01,189.01,642
2025-09-19 13:05:00+05:30,188.9,188.9,188.9,188.9,50
2025-09-19 13:10:00+05:30,188.9,188.9,188.9,188.9,0
2025-09-19 13:15:00+05:30,188.15,188.15,188.15,188.15,143
2025-09-19 13:25:00+05:30,188.15,188.15,188.15,188.15,150
2025-09-19 13:30:00+05:30,188.15,188.15,188.15,188.15,0
2025-09-19 13:35:00+05:30,188.15,188.15,188.15,188.15,0
2025-09-19 13:40:00+05:30,188.15,188.15,188.15,188.15,0
2025-09-19 13:45:00+05:30,188.15,188.15,188.15,188.15,0
2025-09-19 13:50:00+05:30,188.15,188.15,188.15,188.15,0
2025-09-19 13:55:00+05:30,188.15,188.15,188.15,188.15,0
2025-09-19 14:00:00+05:30,189.5,189.5,189.5,189.5,300
2025-09-19 14:05:00+05:30,189.5,189.5,188.1,188.1,250
2025-09-19 14:10:00+05:30,188.1,188.1,188.1,188.1,3
2025-09-19 14:15:00+05:30,188.1,188.1,188.1,188.1,0
2025-09-19 14:25:00+05:30,188.1,188.1,188.1,188.1,8
2025-09-19 14:30:00+05:30,188.1,188.1,188.1,188.1,0
2025-09-19 14:35:00+05:30,188.1,188.56,188.1,188.56,115
2025-09-19 14:40:00+05:30,188.1,188.1,188.1,188.1,1
2025-09-19 14:45:00+05:30,188.56,188.56,188.56,188.56,905
2025-09-19 14:50:00+05:30,188.56,188.56,188.11,188.11,4
2025-09-19 15:00:00+05:30,188.11,188.11,188.11,188.11,0
2025-09-19 15:05:00+05:30,188.11,188.11,188.11,188.11,0
2025-09-19 15:10:00+05:30,188.11,188.11,188.11,188.11,0
2025-09-19 15:15:00+05:30,188.11,188.11,188.11,188.11,5
2025-09-19 15:20:00+05:30,188.11,188.11,188.11,188.11,0
2025-09-19 15:25:00+05:30,188.11,191.0,188.11,191.0,1370
2025-09-22 09:15:00+05:30,183.0,183.0,183.0,183.0,0
2025-09-22 09:20:00+05:30,183.0,185.1,183.0,185.1,30
2025-09-22 09:25:00+05:30,185.1,185.1,185.1,185.1,0
2025-09-22 09:30:00+05:30,185.1,185.21,185.1,185.21,200
2025-09-22 09:35:00+05:30,185.21,185.21,185.21,185.21,0
2025-09-22 09:40:00+05:30,185.21,190.0,180.76,186.0,9423
2025-09-22 09:45:00+05:30,186.0,189.99,186.0,189.99,320
2025-09-22 09:50:00+05:30,189.99,189.99,189.99,189.99,300
2025-09-22 09:55:00+05:30,189.99,189.99,189.99,189.99,0
2025-09-22 10:00:00+05:30,189.99,189.99,186.05,186.05,10
2025-09-22 10:05:00+05:30,186.05,186.05,186.05,186.05,100
2025-09-22 10:10:00+05:30,189.99,189.99,189.99,189.99,1
2025-09-22 10:15:00+05:30,189.99,189.99,189.99,189.99,0
2025-09-22 10:20:00+05:30,189.99,189.99,189.99,189.99,0
2025-09-22 10:25:00+05:30,189.99,189.99,189.99,189.99,0
2025-09-22 10:30:00+05:30,189.99,189.99,189.99,189.99,0
2025-09-22 10:40:00+05:30,189.99,189.99,189.99,189.99,0
2025-09-22 10:45:00+05:30,189.99,189.99,189.95,189.95,5
2025-09-22 10:50:00+05:30,189.95,189.95,189.95,189.95,0
2025-09-22 10:55:00+05:30,189.95,189.95,189.95,189.95,0
2025-09-22 11:00:00+05:30,189.95,189.95,189.95,189.95,0
2025-09-22 11:05:00+05:30,189.95,189.95,189.95,189.95,0
2025-09-22 11:15:00+05:30,189.95,189.95,189.95,189.95,5
2025-09-22 11:20:00+05:30,189.95,189.95,189.95,189.95,0
2025-09-22 11:25:00+05:30,189.95,189.95,189.95,189.95,0
2025-09-22 11:30:00+05:30,189.95,189.95,189.95,189.95,0
2025-09-22 11:35:00+05:30,189.95,189.95,186.05,186.05,10
2025-09-22 11:45:00+05:30,186.05,186.05,186.05,186.05,0
2025-09-22 11:50:00+05:30,186.05,186.05,186.05,186.05,0
2025-09-22 11:55:00+05:30,186.05,189.93,186.05,189.93,6
2025-09-22 12:05:00+05:30,189.93,189.93,187.0,187.0,14
2025-09-22 12:10:00+05:30,187.0,187.0,187.0,187.0,0
2025-09-22 12:15:00+05:30,187.0,187.0,187.0,187.0,0
2025-09-22 12:20:00+05:30,187.0,187.0,187.0,187.0,0
2025-09-22 12:30:00+05:30,189.92,189.92,189.92,189.92,5
2025-09-22 12:35:00+05:30,189.92,189.92,189.92,189.92,0
2025-09-22 12:40:00+05:30,189.92,189.92,189.92,189.92,0
2025-09-22 12:45:00+05:30,189.92,189.92,189.92,189.92,0
2025-09-22 12:55:00+05:30,189.92,189.92,189.92,189.92,0
2025-09-22 13:00:00+05:30,189.92,189.92,189.92,189.92,1
2025-09-22 13:05:00+05:30,189.92,189.92,186.05,186.05,7
2025-09-22 13:15:00+05:30,186.05,186.05,186.05,186.05,0
2025-09-22 13:25:00+05:30,186.05,186.05,186.05,186.05,0
2025-09-22 13:30:00+05:30,186.05,186.05,186.05,186.05,0
2025-09-22 13:35:00+05:30,184.0,184.0,184.0,184.0,500
2025-09-22 13:40:00+05:30,184.0,184.0,184.0,184.0,0
2025-09-22 13:45:00+05:30,188.9,188.9,188.9,188.9,20
2025-09-22 13:50:00+05:30,188.9,188.9,188.5,188.5,1
2025-09-22 13:55:00+05:30,188.5,188.5,188.45,188.45,3
2025-09-22 14:00:00+05:30,188.45,188.45,188.45,188.45,0
2025-09-22 14:05:00+05:30,188.45,188.45,188.45,188.45,0
2025-09-22 14:10:00+05:30,183.05,183.05,183.05,183.05,300
2025-09-22 14:15:00+05:30,183.05,183.05,183.05,183.05,0
2025-09-22 14:20:00+05:30,183.05,183.05,183.05,183.05,0
2025-09-22 14:25:00+05:30,183.05,183.05,183.05,183.05,0
2025-09-22 14:30:00+05:30,183.05,185.0,183.05,185.0,2
2025-09-22 14:35:00+05:30,185.0,185.0,185.0,185.0,0
2025-09-22 14:40:00+05:30,185.0,185.0,185.0,185.0,48
2025-09-22 14:45:00+05:30,185.0,185.0,185.0,185.0,0
2025-09-22 14:50:00+05:30,185.0,185.0,185.0,185.0,0
2025-09-22 14:55:00+05:30,185.0,185.0,185.0,185.0,0
2025-09-22 15:00:00+05:30,185.0,185.0,185.0,185.0,0
2025-09-22 15:05:00+05:30,185.0,185.0,185.0,185.0,0
2025-09-22 15:10:00+05:30,187.8,187.8,187.8,187.8,10
2025-09-22 15:15:00+05:30,187.8,187.8,187.8,187.8,0
2025-09-22 15:20:00+05:30,187.8,187.8,187.8,187.8,0
2025-09-22 15:25:00+05:30,187.8,189.0,187.8,189.0,106
2025-09-23 09:15:00+05:30,185.0,185.0,185.0,185.0,15
2025-09-23 09:20:00+05:30,185.0,186.3,185.0,186.3,1
2025-09-23 09:25:00+05:30,186.3,186.3,185.99,186.0,2688
2025-09-23 09:30:00+05:30,186.0,186.0,186.0,186.0,0
2025-09-23 09:35:00+05:30,186.0,186.0,186.0,186.0,202
2025-09-23 09:40:00+05:30,186.0,186.0,184.0,184.0,6
2025-09-23 09:45:00+05:30,184.0,184.0,184.0,184.0,34
2025-09-23 09:50:00+05:30,184.0,184.0,182.5,184.0,52
2025-09-23 09:55:00+05:30,184.0,184.0,184.0,184.0,0
2025-09-23 10:00:00+05:30,184.0,184.0,184.0,184.0,0
2025-09-23 10:05:00+05:30,184.0,184.0,184.0,184.0,6
2025-09-23 10:10:00+05:30,185.0,185.0,185.0,185.0,30
2025-09-23 10:15:00+05:30,185.0,185.0,185.0,185.0,0
2025-09-23 10:25:00+05:30,185.0,185.0,185.0,185.0,0
2025-09-23 10:30:00+05:30,185.0,185.0,185.0,185.0,123
2025-09-23 10:45:00+05:30,185.0,185.0,185.0,185.0,0
2025-09-23 11:00:00+05:30,185.0,186.3,184.11,184.11,317
2025-09-23 11:05:00+05:30,184.11,184.11,184.11,184.11,0
2025-09-23 11:15:00+05:30,186.49,186.49,186.49,186.49,10
2025-09-23 11:20:00+05:30,186.49,186.49,186.49,186.49,0
2025-09-23 11:25:00+05:30,186.49,186.49,186.49,186.49,6
2025-09-23 11:30:00+05:30,186.49,186.49,186.49,186.49,0
2025-09-23 11:35:00+05:30,186.49,186.49,186.49,186.49,0
2025-09-23 11:40:00+05:30,186.49,186.49,186.49,186.49,0
2025-09-23 11:50:00+05:30,185.9,185.9,185.9,185.9,50
2025-09-23 11:55:00+05:30,185.9,185.9,184.11,184.11,240
2025-09-23 12:05:00+05:30,184.11,184.11,184.11,184.11,0
2025-09-23 12:15:00+05:30,185.9,185.9,185.9,185.9,2
2025-09-23 12:20:00+05:30,185.9,185.9,185.9,185.9,0
2025-09-23 12:25:00+05:30,185.9,185.9,185.9,185.9,7
2025-09-23 12:35:00+05:30,185.9,185.9,185.9,185.9,1500
2025-09-23 12:45:00+05:30,185.9,185.9,185.9,185.9,0
2025-09-23 12:55:00+05:30,185.9,185.9,185.9,185.9,0
2025-09-23 13:00:00+05:30,185.9,185.9,185.9,185.9,0
2025-09-23 13:05:00+05:30,185.9,185.9,185.9,185.9,0
2025-09-23 13:10:00+05:30,185.9,185.9,185.9,185.9,0
2025-09-23 13:20:00+05:30,185.9,185.9,185.9,185.9,0
2025-09-23 13:25:00+05:30,185.9,185.9,185.9,185.9,0
2025-09-23 13:30:00+05:30,185.8,185.8,185.8,185.8,40
2025-09-23 13:35:00+05:30,185.8,185.8,185.8,185.8,0
2025-09-23 13:40:00+05:30,185.9,185.9,185.9,185.9,25
2025-09-23 13:45:00+05:30,185.85,185.85,185.85,185.85,50
2025-09-23 14:00:00+05:30,185.85,185.85,185.85,185.85,1
2025-09-23 14:10:00+05:30,185.0,185.0,185.0,185.0,5
2025-09-23 14:15:00+05:30,184.9,184.9,184.9,184.9,0
2025-09-23 14:20:00+05:30,184.9,184.9,184.9,184.9,51
2025-09-23 14:25:00+05:30,184.9,184.9,184.9,184.9,0
2025-09-23 14:30:00+05:30,184.9,184.9,184.9,184.9,0
2025-09-23 14:40:00+05:30,184.9,184.9,184.9,184.9,1
2025-09-23 14:45:00+05:30,184.9,184.9,184.9,184.9,0
2025-09-23 14:50:00+05:30,184.9,184.9,184.9,184.9,0
2025-09-23 14:55:00+05:30,184.9,184.9,184.9,184.9,30
2025-09-23 15:00:00+05:30,184.9,184.9,184.9,184.9,0
2025-09-23 15:05:00+05:30,184.9,184.9,184.9,184.9,100
2025-09-23 15:15:00+05:30,184.85,184.85,184.85,184.85,111
2025-09-23 15:20:00+05:30,184.15,184.15,184.15,184.15,628
2025-09-23 15:25:00+05:30,184.15,185.85,184.15,185.85,110
2025-09-24 09:15:00+05:30,185.85,185.85,185.85,185.85,0
2025-09-24 09:20:00+05:30,185.85,188.49,185.85,188.3,3
2025-09-24 09:25:00+05:30,188.3,188.3,185.85,185.85,199
2025-09-24 09:30:00+05:30,185.85,188.2,185.85,188.2,50
2025-09-24 09:35:00+05:30,188.2,188.2,188.2,188.2,4
2025-09-24 09:40:00+05:30,188.2,188.2,188.2,188.2,0
2025-09-24 09:45:00+05:30,188.2,188.2,188.2,188.2,198
2025-09-24 09:50:00+05:30,188.2,188.2,186.0,186.0,221
2025-09-24 09:55:00+05:30,186.0,188.95,186.0,188.95,3
2025-09-24 10:00:00+05:30,188.95,188.95,188.95,188.95,0
2025-09-24 10:05:00+05:30,188.95,188.95,188.95,188.95,0
2025-09-24 10:15:00+05:30,186.0,189.0,186.0,189.0,255
2025-09-24 10:20:00+05:30,189.0,189.0,189.0,189.0,2
2025-09-24 10:30:00+05:30,189.0,189.0,189.0,189.0,0
2025-09-24 10:35:00+05:30,189.0,189.0,189.0,189.0,21
2025-09-24 10:40:00+05:30,189.0,189.0,189.0,189.0,0
2025-09-24 10:50:00+05:30,189.0,189.0,189.0,189.0,0
2025-09-24 10:55:00+05:30,186.01,186.01,186.0,186.0,102
2025-09-24 11:10:00+05:30,186.0,186.0,186.0,186.0,0
2025-09-24 11:15:00+05:30,188.94,188.94,188.94,188.94,6
2025-09-24 11:20:00+05:30,188.94,188.94,188.94,188.94,0
2025-09-24 11:25:00+05:30,188.94,188.94,188.94,188.94,4
2025-09-24 11:30:00+05:30,188.94,188.94,186.0,186.0,27
2025-09-24 11:35:00+05:30,186.0,186.0,186.0,186.0,2
2025-09-24 11:45:00+05:30,186.0,186.0,186.0,186.0,300
2025-09-24 12:00:00+05:30,186.0,186.0,186.0,186.0,500
2025-09-24 12:05:00+05:30,186.0,186.0,186.0,186.0,300
2025-09-24 12:10:00+05:30,186.0,186.0,186.0,186.0,250
2025-09-24 12:15:00+05:30,186.0,186.0,186.0,186.0,64
2025-09-24 12:20:00+05:30,186.0,186.0,186.0,186.0,5
2025-09-24 12:25:00+05:30,186.0,186.0,186.0,186.0,1
2025-09-24 12:35:00+05:30,186.0,186.0,186.0,186.0,0
2025-09-24 12:40:00+05:30,186.0,186.0,186.0,186.0,0
2025-09-24 12:50:00+05:30,186.0,186.0,186.0,186.0,0
2025-09-24 12:55:00+05:30,188.94,188.94,188.94,188.94,1
2025-09-24 13:00:00+05:30,188.94,188.94,188.94,188.94,0
2025-09-24 13:10:00+05:30,188.94,188.94,188.94,188.94,0
2025-09-24 13:15:00+05:30,188.94,188.94,188.94,188.94,1
2025-09-24 13:20:00+05:30,188.94,188.94,188.94,188.94,0
2025-09-24 13:25:00+05:30,188.94,188.94,188.94,188.94,33
2025-09-24 13:30:00+05:30,186.3,186.3,186.3,186.3,90
2025-09-24 13:35:00+05:30,186.3,186.3,186.3,186.3,0
2025-09-24 13:45:00+05:30,186.3,186.3,186.3,186.3,0
2025-09-24 13:50:00+05:30,186.3,186.55,186.3,186.55,68
2025-09-24 14:00:00+05:30,186.55,186.55,186.55,186.55,0
2025-09-24 14:10:00+05:30,186.55,186.55,186.55,186.55,0
2025-09-24 14:15:00+05:30,186.55,186.55,186.55,186.55,0
2025-09-24 14:25:00+05:30,186.55,186.55,186.55,186.55,0
2025-09-24 14:30:00+05:30,186.55,186.55,186.55,186.55,0
2025-09-24 14:40:00+05:30,186.55,186.55,186.55,186.55,0
2025-09-24 14:45:00+05:30,186.55,186.55,186.55,186.55,0
2025-09-24 14:50:00+05:30,186.75,186.75,186.75,186.75,25
2025-09-24 14:55:00+05:30,186.75,186.75,186.75,186.75,0
2025-09-24 15:00:00+05:30,186.75,186.75,186.75,186.75,0
2025-09-24 15:05:00+05:30,186.75,186.75,186.75,186.75,0
2025-09-24 15:10:00+05:30,186.75,186.75,186.75,186.75,0
2025-09-24 15:15:00+05:30,186.75,186.75,186.75,186.75,0
2025-09-24 15:20:00+05:30,186.75,186.75,186.75,186.75,0
2025-09-24 15:25:00+05:30,186.75,188.5,186.75,186.85,122
2025-09-25 09:20:00+05:30,186.0,186.0,182.01,182.01,200
2025-09-25 09:25:00+05:30,182.01,185.07,182.01,185.07,65
2025-09-25 09:30:00+05:30,185.07,185.07,185.07,185.07,0
2025-09-25 09:35:00+05:30,185.07,185.07,185.07,185.07,0
2025-09-25 09:45:00+05:30,185.07,185.07,185.07,185.07,0
2025-09-25 09:50:00+05:30,184.01,184.01,184.01,184.01,100
2025-09-25 09:55:00+05:30,184.01,184.01,184.01,184.01,0
2025-09-25 10:00:00+05:30,184.01,186.0,184.01,186.0,100
2025-09-25 10:05:00+05:30,186.0,186.0,186.0,186.0,14
2025-09-25 10:15:00+05:30,186.0,186.0,186.0,186.0,0
2025-09-25 10:20:00+05:30,186.0,186.0,186.0,186.0,0
2025-09-25 10:30:00+05:30,186.0,186.0,186.0,186.0,55
2025-09-25 10:45:00+05:30,186.0,186.0,186.0,186.0,0
2025-09-25 10:55:00+05:30,184.36,184.36,184.36,184.36,130
2025-09-25 11:00:00+05:30,184.36,186.85,184.36,186.85,50
2025-09-25 11:10:00+05:30,186.85,186.85,186.85,186.85,30
2025-09-25 11:15:00+05:30,186.85,186.85,186.85,186.85,0
2025-09-25 11:20:00+05:30,186.85,186.85,186.85,186.85,0
2025-09-25 11:25:00+05:30,186.85,186.85,186.85,186.85,1
2025-09-25 11:30:00+05:30,186.85,186.85,186.85,186.85,0
2025-09-25 11:45:00+05:30,186.85,186.85,186.85,186.85,0
2025-09-25 11:50:00+05:30,186.85,186.85,186.85,186.85,0
2025-09-25 12:00:00+05:30,186.85,186.85,186.85,186.85,1106
2025-09-25 12:05:00+05:30,186.85,186.85,186.85,186.85,0
2025-09-25 12:10:00+05:30,182.0,182.0,182.0,182.0,2945
2025-09-25 12:15:00+05:30,182.0,182.0,182.0,182.0,0
2025-09-25 12:20:00+05:30,182.0,182.0,182.0,182.0,0
2025-09-25 12:25:00+05:30,182.0,182.0,182.0,182.0,0
2025-09-25 12:30:00+05:30,182.0,182.0,182.0,182.0,0
2025-09-25 12:35:00+05:30,182.0,182.0,182.0,182.0,0
2025-09-25 12:40:00+05:30,182.0,182.0,182.0,182.0,0
2025-09-25 12:45:00+05:30,182.0,186.8,182.0,186.8,50
2025-09-25 12:55:00+05:30,186.8,186.8,186.8,186.8,0
2025-09-25 13:00:00+05:30,186.0,186.0,183.5,183.5,515
2025-09-25 13:10:00+05:30,183.5,183.5,183.5,183.5,0
2025-09-25 13:25:00+05:30,183.5,183.5,183.5,183.5,0
2025-09-25 13:30:00+05:30,186.99,186.99,186.99,186.99,5
2025-09-25 13:35:00+05:30,183.15,183.15,183.15,183.15,89
2025-09-25 13:45:00+05:30,186.9,186.9,186.9,186.9,50
2025-09-25 13:50:00+05:30,186.9,186.9,186.9,186.9,0
2025-09-25 13:55:00+05:30,183.15,183.15,183.15,183.15,10
2025-09-25 14:05:00+05:30,183.15,183.15,183.15,183.15,0
2025-09-25 14:10:00+05:30,183.15,183.15,183.15,183.15,0
2025-09-25 14:15:00+05:30,183.15,183.15,183.15,183.15,0
2025-09-25 14:20:00+05:30,183.15,183.15,183.15,183.15,0
2025-09-25 14:25:00+05:30,183.15,183.15,183.15,183.15,0
2025-09-25 14:30:00+05:30,186.0,186.0,186.0,186.0,1
2025-09-25 14:35:00+05:30,186.0,186.0,186.0,186.0,102
2025-09-25 14:40:00+05:30,186.0,186.0,186.0,186.0,29
2025-09-25 14:45:00+05:30,186.0,186.0,186.0,186.0,0
2025-09-25 14:55:00+05:30,186.0,186.0,186.0,186.0,0
2025-09-25 15:05:00+05:30,186.0,186.0,186.0,186.0,0
2025-09-25 15:10:00+05:30,183.2,183.2,183.15,183.15,300
2025-09-25 15:15:00+05:30,183.15,183.15,183.15,183.15,0
2025-09-25 15:20:00+05:30,183.15,183.2,183.15,183.2,660
2025-09-25 15:25:00+05:30,183.2,183.2,183.2,183.2,200
2025-09-26 09:35:00+05:30,185.0,185.0,185.0,185.0,379
2025-09-26 09:40:00+05:30,185.0,185.0,185.0,185.0,0
2025-09-26 09:45:00+05:30,185.0,185.0,185.0,185.0,0
2025-09-26 09:50:00+05:30,185.0,185.0,185.0,185.0,0
2025-09-26 10:05:00+05:30,185.0,185.0,185.0,185.0,2
2025-09-26 10:15:00+05:30,185.0,185.0,185.0,185.0,30
2025-09-26 10:20:00+05:30,185.0,185.0,185.0,185.0,0
2025-09-26 10:25:00+05:30,180.6,180.6,180.6,180.6,100
2025-09-26 10:30:00+05:30,180.6,180.6,180.6,180.6,0
2025-09-26 10:35:00+05:30,185.0,185.0,185.0,185.0,18
2025-09-26 10:40:00+05:30,185.0,185.0,185.0,185.0,0
2025-09-26 10:45:00+05:30,185.0,185.0,185.0,185.0,0
2025-09-26 10:50:00+05:30,185.0,185.0,185.0,185.0,0
2025-09-26 10:55:00+05:30,184.0,184.0,184.0,184.0,114
2025-09-26 11:05:00+05:30,186.0,186.0,186.0,186.0,611
2025-09-26 11:10:00+05:30,186.0,186.0,186.0,186.0,193
2025-09-26 11:15:00+05:30,186.0,186.0,183.5,183.5,333
2025-09-26 11:20:00+05:30,183.5,183.5,183.5,183.5,174
2025-09-26 11:25:00+05:30,181.05,181.05,181.05,181.05,199
2025-09-26 11:30:00+05:30,181.05,181.05,181.05,181.05,0
2025-09-26 11:35:00+05:30,181.05,181.05,181.05,181.05,0
2025-09-26 11:40:00+05:30,181.05,183.5,181.05,183.5,100
2025-09-26 11:45:00+05:30,183.5,183.5,183.5,183.5,0
2025-09-26 12:00:00+05:30,183.5,183.5,183.5,183.5,0
2025-09-26 12:05:00+05:30,183.4,183.4,183.4,183.4,6
2025-09-26 12:10:00+05:30,183.4,183.4,183.4,183.4,0
2025-09-26 12:15:00+05:30,183.4,183.4,183.4,183.4,0
2025-09-26 12:20:00+05:30,183.4,183.4,183.4,183.4,0
2025-09-26 12:25:00+05:30,183.4,185.75,183.4,185.75,30
2025-09-26 12:30:00+05:30,185.75,185.75,185.75,185.75,0
2025-09-26 12:40:00+05:30,185.75,185.75,185.75,185.75,0
2025-09-26 12:45:00+05:30,185.75,185.75,185.75,185.75,0
2025-09-26 13:20:00+05:30,185.75,185.75,185.75,185.75,0
2025-09-26 13:25:00+05:30,185.5,185.5,185.5,185.5,1
2025-09-26 13:30:00+05:30,185.5,185.5,181.5,181.5,418
2025-09-26 13:35:00+05:30,181.5,182.0,178.5,182.0,1731
2025-09-26 13:40:00+05:30,182.0,182.0,182.0,182.0,0
2025-09-26 13:45:00+05:30,182.0,182.0,182.0,182.0,65
2025-09-26 13:50:00+05:30,182.0,182.0,182.0,182.0,0
2025-09-26 13:55:00+05:30,182.0,182.0,182.0,182.0,0
2025-09-26 14:00:00+05:30,182.0,182.0,182.0,182.0,0
2025-09-26 14:05:00+05:30,182.0,182.0,182.0,182.0,0
2025-09-26 14:10:00+05:30,182.0,182.0,182.0,182.0,0
2025-09-26 14:15:00+05:30,182.0,182.0,182.0,182.0,0
2025-09-26 14:30:00+05:30,182.0,182.0,182.0,182.0,55
2025-09-26 14:35:00+05:30,182.0,182.0,181.0,181.0,45
2025-09-26 14:40:00+05:30,181.0,181.0,180.5,180.6,101
2025-09-26 14:50:00+05:30,180.6,180.6,180.6,180.6,0
2025-09-26 14:55:00+05:30,180.6,180.6,180.6,180.6,0
2025-09-26 15:00:00+05:30,180.6,181.5,180.6,181.0,204
2025-09-26 15:05:00+05:30,180.9,180.9,180.01,180.01,296
2025-09-26 15:10:00+05:30,180.01,180.01,180.01,180.01,0
2025-09-26 15:15:00+05:30,180.01,180.01,180.01,180.01,0
2025-09-26 15:20:00+05:30,180.01,181.0,180.01,181.0,60
2025-09-26 15:25:00+05:30,181.0,181.0,181.0,181.0,7
2025-09-29 09:15:00+05:30,185.0,185.0,185.0,185.0,0
2025-09-29 09:20:00+05:30,185.0,185.0,180.5,184.99,9
2025-09-29 09:25:00+05:30,184.99,184.99,180.5,180.5,1
2025-09-29 09:30:00+05:30,180.5,180.5,180.5,180.5,0
2025-09-29 09:35:00+05:30,180.5,180.5,180.5,180.5,0
2025-09-29 09:40:00+05:30,180.5,180.5,180.5,180.5,0
2025-09-29 09:45:00+05:30,180.5,180.5,180.5,180.5,0
2025-09-29 09:50:00+05:30,180.5,180.5,180.5,180.5,0
2025-09-29 09:55:00+05:30,180.5,180.5,180.5,180.5,0
2025-09-29 10:05:00+05:30,180.5,180.5,180.5,180.5,32
2025-09-29 10:10:00+05:30,180.5,180.5,180.5,180.5,0
2025-09-29 10:15:00+05:30,180.5,180.5,180.5,180.5,0
2025-09-29 10:20:00+05:30,180.5,180.5,180.5,180.5,0
2025-09-29 10:25:00+05:30,180.5,180.5,180.5,180.5,0
2025-09-29 10:30:00+05:30,180.5,180.5,180.5,180.5,0
2025-09-29 10:35:00+05:30,180.5,180.5,180.5,180.5,0
2025-09-29 10:40:00+05:30,180.5,180.5,180.5,180.5,21
2025-09-29 10:45:00+05:30,180.5,180.5,180.5,180.5,0
2025-09-29 10:50:00+05:30,180.5,180.5,180.5,180.5,0
2025-09-29 11:00:00+05:30,180.5,180.5,180.5,180.5,0
2025-09-29 11:05:00+05:30,180.5,180.5,180.5,180.5,0
2025-09-29 11:10:00+05:30,180.5,180.5,180.5,180.5,0
2025-09-29 11:15:00+05:30,181.8,181.8,181.8,181.8,7
2025-09-29 11:20:00+05:30,180.0,180.0,180.0,180.0,359
2025-09-29 11:25:00+05:30,180.0,180.0,180.0,180.0,0
2025-09-29 11:30:00+05:30,180.0,180.0,180.0,180.0,0
2025-09-29 11:35:00+05:30,176.6,176.6,176.6,176.6,70
2025-09-29 11:40:00+05:30,176.6,179.1,176.6,179.1,25
2025-09-29 11:45:00+05:30,179.1,179.1,179.1,179.1,100
2025-09-29 11:50:00+05:30,179.1,179.1,179.1,179.1,0
2025-09-29 11:55:00+05:30,179.1,179.1,177.65,177.65,7
2025-09-29 12:00:00+05:30,177.65,177.65,177.65,177.65,0
2025-09-29 12:10:00+05:30,177.65,177.65,177.65,177.65,0
2025-09-29 12:15:00+05:30,177.65,178.97,177.65,178.97,25
2025-09-29 12:25:00+05:30,178.97,178.97,178.97,178.97,0
2025-09-29 12:30:00+05:30,178.97,178.97,178.97,178.97,0
2025-09-29 12:35:00+05:30,178.0,178.0,178.0,178.0,90
2025-09-29 12:40:00+05:30,178.0,178.0,178.0,178.0,0
2025-09-29 12:45:00+05:30,178.0,178.0,178.0,178.0,0
2025-09-29 12:50:00+05:30,178.0,178.0,178.0,178.0,0
2025-09-29 12:55:00+05:30,178.0,178.0,178.0,178.0,0
2025-09-29 13:00:00+05:30,178.0,178.0,178.0,178.0,1
2025-09-29 13:05:00+05:30,178.0,178.0,178.0,178.0,0
2025-09-29 13:10:00+05:30,178.9,178.9,178.9,178.9,5
2025-09-29 13:15:00+05:30,179.1,179.1,179.1,179.1,430
2025-09-29 13:20:00+05:30,179.1,179.1,179.1,179.1,0
2025-09-29 13:30:00+05:30,179.1,179.1,179.1,179.1,0
2025-09-29 13:35:00+05:30,179.1,179.1,179.1,179.1,0
2025-09-29 13:40:00+05:30,180.0,180.0,180.0,180.0,41
2025-09-29 14:15:00+05:30,180.0,180.0,180.0,180.0,0
2025-09-29 14:25:00+05:30,180.0,180.0,180.0,180.0,0
2025-09-29 14:30:00+05:30,184.99,184.99,184.99,184.99,70
2025-09-29 14:35:00+05:30,184.99,184.99,184.99,184.99,30
2025-09-29 14:40:00+05:30,184.99,184.99,179.0,179.0,172
2025-09-29 14:45:00+05:30,179.0,179.0,179.0,179.0,0
2025-09-29 14:50:00+05:30,179.0,179.0,178.11,178.11,10
2025-09-29 14:55:00+05:30,178.11,178.11,178.11,178.11,40
2025-09-29 15:10:00+05:30,178.01,178.01,178.01,178.01,51
2025-09-29 15:15:00+05:30,179.0,179.0,179.0,179.0,9
2025-09-29 15:20:00+05:30,179.0,179.0,179.0,179.0,0
2025-09-29 15:25:00+05:30,179.0,179.0,176.7,179.0,909
2025-09-30 09:50:00+05:30,181.15,181.15,181.15,181.15,0
2025-09-30 09:55:00+05:30,181.15,181.15,180.15,180.15,5
2025-09-30 10:00:00+05:30,180.15,180.15,180.15,180.15,0
2025-09-30 10:20:00+05:30,180.15,180.15,180.15,180.15,0
2025-09-30 10:25:00+05:30,180.15,180.15,180.15,180.15,1
2025-09-30 10:30:00+05:30,178.5,178.5,177.5,177.5,22
2025-09-30 10:35:00+05:30,177.5,177.5,177.5,177.5,0
2025-09-30 10:40:00+05:30,177.5,177.5,177.5,177.5,0
2025-09-30 10:45:00+05:30,177.5,180.0,176.7,176.7,53
2025-09-30 10:50:00+05:30,176.7,176.7,176.7,176.7,0
2025-09-30 10:55:00+05:30,176.7,176.7,176.7,176.7,0
2025-09-30 11:00:00+05:30,180.0,180.0,180.0,180.0,6
2025-09-30 11:05:00+05:30,175.0,175.0,175.0,175.0,266
2025-09-30 11:10:00+05:30,180.15,180.15,180.15,180.15,290
2025-09-30 11:20:00+05:30,180.15,180.15,180.15,180.15,0
2025-09-30 11:25:00+05:30,180.15,180.15,180.15,180.15,0
2025-09-30 11:35:00+05:30,180.15,180.15,180.15,180.15,0
2025-09-30 11:40:00+05:30,180.15,180.15,180.15,180.15,0
2025-09-30 12:05:00+05:30,179.25,179.25,179.25,179.25,2
2025-09-30 12:20:00+05:30,179.25,179.25,179.25,179.25,0
2025-09-30 12:25:00+05:30,174.0,174.0,174.0,174.0,79
2025-09-30 12:30:00+05:30,174.0,174.0,174.0,174.0,100
2025-09-30 12:35:00+05:30,174.0,174.2,174.0,174.0,524
2025-09-30 12:40:00+05:30,174.0,174.0,174.0,174.0,278
2025-09-30 12:45:00+05:30,174.0,174.0,174.0,174.0,0
2025-09-30 12:50:00+05:30,174.0,179.2,174.0,179.2,5
2025-09-30 13:00:00+05:30,179.2,179.2,179.2,179.2,0
2025-09-30 13:10:00+05:30,179.2,179.2,179.2,179.2,0
2025-09-30 13:15:00+05:30,179.2,179.2,179.2,179.2,0
2025-09-30 13:20:00+05:30,179.2,179.2,179.2,179.2,0
2025-09-30 13:25:00+05:30,179.2,179.2,179.2,179.2,0
2025-09-30 13:30:00+05:30,179.2,179.2,179.2,179.2,0
2025-09-30 13:40:00+05:30,179.2,179.2,179.2,179.2,0
2025-09-30 13:45:00+05:30,178.99,178.99,178.99,178.99,10
2025-09-30 13:50:00+05:30,178.99,178.99,178.99,178.99,10
2025-09-30 14:05:00+05:30,178.99,178.99,178.99,178.99,40
2025-09-30 14:10:00+05:30,178.99,178.99,178.99,178.99,1
2025-09-30 14:15:00+05:30,178.99,178.99,178.01,178.01,200
2025-09-30 14:20:00+05:30,178.01,178.01,178.01,178.01,0
2025-09-30 14:30:00+05:30,178.01,178.01,178.01,178.01,0
2025-09-30 14:35:00+05:30,178.01,178.01,178.01,178.01,0
2025-09-30 14:40:00+05:30,178.01,178.01,177.98,177.98,46
2025-09-30 14:45:00+05:30,178.01,178.01,177.98,177.98,16
2025-09-30 15:05:00+05:30,177.98,177.98,177.98,177.98,0
2025-09-30 15:10:00+05:30,178.01,178.01,178.01,178.01,34
2025-09-30 15:15:00+05:30,179.75,179.75,179.75,179.75,145
2025-09-30 15:20:00+05:30,179.75,179.75,175.0,175.0,231
2025-09-30 15:25:00+05:30,175.0,175.0,175.0,175.0,150
2025-10-01 09:15:00+05:30,181.8,181.8,181.8,181.8,0
2025-10-01 09:20:00+05:30,181.75,181.75,181.75,181.75,1
2025-10-01 09:25:00+05:30,181.5,181.5,176.5,176.5,15
2025-10-01 09:30:00+05:30,176.5,176.5,176.5,176.5,0
2025-10-01 09:35:00+05:30,176.5,180.99,176.5,180.99,2
2025-10-01 09:40:00+05:30,180.99,180.99,180.99,180.99,0
2025-10-01 09:45:00+05:30,180.99,180.99,180.99,180.99,0
2025-10-01 09:50:00+05:30,180.99,180.99,180.99,180.99,0
2025-10-01 09:55:00+05:30,180.99,180.99,180.99,180.99,0
2025-10-01 10:00:00+05:30,180.99,180.99,180.99,180.99,0
2025-10-01 10:05:00+05:30,180.99,180.99,180.99,180.99,0
2025-10-01 10:10:00+05:30,180.93,180.93,180.93,180.93,1
2025-10-01 10:15:00+05:30,180.93,180.93,180.93,180.93,0
2025-10-01 10:20:00+05:30,180.93,180.93,180.93,180.93,0
2025-10-01 10:30:00+05:30,180.93,180.93,180.25,180.25,4
2025-10-01 10:35:00+05:30,180.25,180.25,180.25,180.25,0
2025-10-01 10:45:00+05:30,180.25,180.25,180.25,180.25,0
2025-10-01 10:50:00+05:30,180.25,180.25,180.25,180.25,0
2025-10-01 11:10:00+05:30,180.25,180.25,180.16,180.16,50
2025-10-01 11:15:00+05:30,180.16,180.16,180.16,180.16,50
2025-10-01 11:20:00+05:30,180.16,180.16,180.16,180.16,6
2025-10-01 11:25:00+05:30,180.16,180.16,180.16,180.16,0
2025-10-01 11:35:00+05:30,180.16,180.16,180.16,180.16,0
2025-10-01 11:40:00+05:30,180.16,180.16,180.16,180.16,0
2025-10-01 11:50:00+05:30,180.16,180.16,180.16,180.16,10
2025-10-01 11:55:00+05:30,180.16,180.17,180.16,180.17,314
2025-10-01 12:00:00+05:30,180.17,180.17,180.17,180.17,0
2025-10-01 12:05:00+05:30,180.17,180.17,180.17,180.17,1
2025-10-01 12:10:00+05:30,180.17,181.15,180.17,181.15,100
2025-10-01 12:15:00+05:30,181.15,181.15,181.15,181.15,0
2025-10-01 12:20:00+05:30,181.15,181.15,180.1,180.1,25
2025-10-01 12:25:00+05:30,180.1,180.1,180.1,180.1,0
2025-10-01 12:40:00+05:30,180.1,180.1,180.1,180.1,0
2025-10-01 12:45:00+05:30,180.1,180.1,180.1,180.1,0
2025-10-01 13:00:00+05:30,180.1,180.1,180.1,180.1,0
2025-10-01 13:25:00+05:30,177.15,177.15,177.15,177.15,73
2025-10-01 13:30:00+05:30,177.15,177.15,177.15,177.15,500
2025-10-01 13:35:00+05:30,177.15,177.15,177.15,177.15,0
2025-10-01 13:40:00+05:30,177.15,177.15,177.15,177.15,0
2025-10-01 13:45:00+05:30,180.5,180.5,180.5,180.5,1
2025-10-01 13:50:00+05:30,180.5,180.5,180.5,180.5,0
2025-10-01 13:55:00+05:30,180.5,180.5,179.0,179.0,20
2025-10-01 14:05:00+05:30,179.0,179.0,179.0,179.0,0
2025-10-01 14:10:00+05:30,179.0,180.0,179.0,179.0,60
2025-10-01 14:30:00+05:30,179.0,179.0,179.0,179.0,0
2025-10-01 14:40:00+05:30,179.0,180.0,179.0,180.0,900
2025-10-01 14:45:00+05:30,179.0,179.0,179.0,179.0,30
2025-10-01 14:50:00+05:30,179.0,179.0,179.0,179.0,0
2025-10-01 15:00:00+05:30,179.0,179.0,179.0,179.0,0
2025-10-01 15:15:00+05:30,179.0,179.0,179.0,179.0,0
2025-10-01 15:20:00+05:30,179.0,179.0,179.0,179.0,0
2025-10-01 15:25:00+05:30,179.0,179.0,179.0,179.0,0
2025-10-03 09:40:00+05:30,181.0,182.0,181.0,181.0,25
2025-10-03 09:45:00+05:30,181.0,181.0,181.0,181.0,0
2025-10-03 09:50:00+05:30,181.0,181.0,180.2,180.2,1
2025-10-03 09:55:00+05:30,180.2,180.2,180.2,180.2,0
2025-10-03 10:00:00+05:30,180.2,180.2,180.2,180.2,0
2025-10-03 10:05:00+05:30,180.2,180.2,180.2,180.2,0
2025-10-03 10:10:00+05:30,178.1,178.1,178.1,178.1,1000
2025-10-03 10:15:00+05:30,178.1,178.1,178.1,178.1,0
2025-10-03 10:20:00+05:30,178.1,178.1,178.1,178.1,0
2025-10-03 10:25:00+05:30,175.15,180.2,175.15,180.2,63
2025-10-03 10:35:00+05:30,180.2,180.2,180.2,180.2,0
2025-10-03 10:40:00+05:30,180.2,180.2,180.2,180.2,0
2025-10-03 10:45:00+05:30,180.2,180.2,180.2,180.2,0
2025-10-03 10:55:00+05:30,180.2,180.2,180.2,180.2,0
2025-10-03 11:00:00+05:30,180.2,180.2,180.2,180.2,0
2025-10-03 11:05:00+05:30,180.2,180.2,180.2,180.2,0
2025-10-03 11:10:00+05:30,180.2,180.2,180.2,180.2,0
2025-10-03 11:15:00+05:30,180.2,180.2,179.0,179.0,10
2025-10-03 11:20:00+05:30,179.0,181.0,175.66,181.0,2179
2025-10-03 11:25:00+05:30,175.66,175.66,175.66,175.66,11
2025-10-03 11:30:00+05:30,175.66,177.1,175.66,177.1,238
2025-10-03 11:35:00+05:30,177.15,177.15,177.15,177.15,8
2025-10-03 11:40:00+05:30,177.15,177.15,177.15,177.15,0
2025-10-03 11:45:00+05:30,177.15,177.15,177.15,177.15,0
2025-10-03 11:50:00+05:30,177.15,177.15,177.15,177.15,0
2025-10-03 11:55:00+05:30,177.15,177.21,177.15,177.21,5
2025-10-03 12:00:00+05:30,177.21,177.21,177.21,177.21,100
2025-10-03 12:05:00+05:30,177.21,177.21,177.21,177.21,0
2025-10-03 12:10:00+05:30,177.21,177.21,177.21,177.21,0
2025-10-03 12:15:00+05:30,177.21,177.21,177.21,177.21,0
2025-10-03 12:25:00+05:30,177.21,177.21,177.21,177.21,0
2025-10-03 12:30:00+05:30,177.21,177.21,177.21,177.21,0
2025-10-03 12:35:00+05:30,177.21,177.21,177.21,177.21,0
2025-10-03 12:40:00+05:30,177.3,177.3,177.3,177.3,41
2025-10-03 12:45:00+05:30,177.3,177.3,177.3,177.3,0
2025-10-03 12:55:00+05:30,177.3,177.3,177.3,177.3,0
2025-10-03 13:00:00+05:30,177.3,177.3,177.3,177.3,0
2025-10-03 13:05:00+05:30,177.3,177.3,177.3,177.3,0
2025-10-03 13:10:00+05:30,177.3,177.3,177.3,177.3,0
2025-10-03 13:15:00+05:30,177.3,177.3,177.3,177.3,0
2025-10-03 13:20:00+05:30,177.3,177.3,177.3,177.3,0
2025-10-03 13:30:00+05:30,177.3,177.3,177.3,177.3,0
2025-10-03 13:40:00+05:30,177.3,177.3,177.3,177.3,0
2025-10-03 13:45:00+05:30,177.3,177.3,177.3,177.3,0
2025-10-03 13:50:00+05:30,177.3,177.3,177.3,177.3,0
2025-10-03 14:00:00+05:30,177.3,177.3,177.3,177.3,0
2025-10-03 14:10:00+05:30,177.3,177.3,177.3,177.3,0
2025-10-03 14:15:00+05:30,177.3,177.3,177.3,177.3,0
2025-10-03 14:20:00+05:30,181.7,181.7,181.7,181.7,9
2025-10-03 14:25:00+05:30,181.7,181.7,177.41,177.41,101
2025-10-03 14:30:00+05:30,178.0,178.0,178.0,178.0,50
2025-10-03 14:35:00+05:30,178.0,178.0,178.0,178.0,12
2025-10-03 14:40:00+05:30,178.0,178.0,178.0,178.0,657
2025-10-03 14:45:00+05:30,178.0,178.0,178.0,178.0,0
2025-10-03 14:55:00+05:30,178.0,178.0,178.0,178.0,0
2025-10-03 15:00:00+05:30,178.0,178.0,178.0,178.0,0
2025-10-03 15:05:00+05:30,178.0,178.0,178.0,178.0,0
2025-10-03 15:10:00+05:30,178.6,178.6,178.6,178.6,50
2025-10-03 15:15:00+05:30,178.6,178.6,178.6,178.6,351
2025-10-03 15:20:00+05:30,178.6,178.6,178.6,178.6,0
2025-10-03 15:25:00+05:30,178.6,182.99,178.6,182.99,213
2025-10-06 09:15:00+05:30,190.0,205.0,190.0,198.5,11074
2025-10-06 09:20:00+05:30,198.5,201.89,195.0,197.89,3975
2025-10-06 09:25:00+05:30,197.89,200.48,196.11,199.87,2134
2025-10-06 09:30:00+05:30,199.87,199.87,194.0,196.95,5526
2025-10-06 09:35:00+05:30,196.95,196.95,193.16,193.47,892
2025-10-06 09:40:00+05:30,193.47,195.37,193.47,194.01,379
2025-10-06 09:45:00+05:30,194.01,194.04,192.55,194.0,2485
2025-10-06 09:50:00+05:30,194.0,194.0,192.05,192.85,1340
2025-10-06 09:55:00+05:30,192.85,193.54,192.0,192.11,535
2025-10-06 10:00:00+05:30,192.11,192.4,192.11,192.3,373
2025-10-06 10:05:00+05:30,192.3,192.4,192.01,192.01,619
2025-10-06 10:10:00+05:30,192.2,192.98,192.01,192.98,193
2025-10-06 10:15:00+05:30,192.98,192.98,192.05,192.74,12
2025-10-06 10:20:00+05:30,192.8,193.99,192.05,192.99,787
2025-10-06 10:25:00+05:30,192.99,195.01,192.99,195.01,1525
2025-10-06 10:30:00+05:30,195.01,195.01,194.99,194.99,343
2025-10-06 10:35:00+05:30,194.99,195.0,194.99,195.0,201
2025-10-06 10:40:00+05:30,195.0,195.0,192.05,192.05,989
2025-10-06 10:45:00+05:30,192.05,193.01,192.05,193.01,60
2025-10-06 10:50:00+05:30,193.01,193.01,192.0,192.05,2374
2025-10-06 10:55:00+05:30,192.05,192.5,192.05,192.5,262
2025-10-06 11:00:00+05:30,192.5,195.89,192.5,195.4,1096
2025-10-06 11:05:00+05:30,195.4,195.4,194.0,194.0,2009
2025-10-06 11:10:00+05:30,195.38,195.38,194.01,194.01,16
2025-10-06 11:15:00+05:30,194.01,194.21,194.01,194.21,197
2025-10-06 11:20:00+05:30,195.38,195.38,193.8,194.0,466
2025-10-06 11:25:00+05:30,194.0,194.0,193.99,193.99,2
2025-10-06 11:30:00+05:30,193.99,193.99,193.0,193.0,73
2025-10-06 11:35:00+05:30,193.0,193.0,192.99,192.99,1
2025-10-06 11:40:00+05:30,192.99,193.0,192.09,192.09,272
2025-10-06 11:45:00+05:30,192.09,193.9,192.09,192.1,46
2025-10-06 11:50:00+05:30,192.1,193.74,192.1,192.2,139
2025-10-06 11:55:00+05:30,192.2,193.74,192.2,193.74,10
2025-10-06 12:00:00+05:30,193.74,193.74,192.21,192.21,1
2025-10-06 12:05:00+05:30,192.21,193.7,192.0,193.7,1633
2025-10-06 12:10:00+05:30,193.69,193.69,193.69,193.69,35
2025-10-06 12:15:00+05:30,193.69,193.69,192.05,193.14,56
2025-10-06 12:20:00+05:30,193.14,193.51,192.02,192.02,531
2025-10-06 12:25:00+05:30,192.02,192.02,192.02,192.02,0
2025-10-06 12:30:00+05:30,192.02,192.02,192.02,192.02,0
2025-10-06 12:35:00+05:30,192.02,193.06,192.02,193.06,6
2025-10-06 12:40:00+05:30,193.06,193.48,193.06,193.48,154
2025-10-06 12:45:00+05:30,193.48,193.48,193.48,193.48,0
2025-10-06 12:50:00+05:30,193.48,193.48,192.03,193.48,294
2025-10-06 12:55:00+05:30,193.48,193.48,193.21,193.21,103
2025-10-06 13:00:00+05:30,193.47,193.99,192.11,192.14,486
2025-10-06 13:05:00+05:30,192.14,193.9,192.0,192.0,921
2025-10-06 13:10:00+05:30,192.0,193.39,192.0,193.39,205
2025-10-06 13:15:00+05:30,193.39,193.39,192.61,192.61,128
2025-10-06 13:20:00+05:30,192.61,192.61,192.61,192.61,0
2025-10-06 13:25:00+05:30,192.01,192.01,192.01,192.01,2
2025-10-06 13:30:00+05:30,192.01,192.61,191.5,192.61,755
2025-10-06 13:35:00+05:30,192.61,193.6,192.61,193.6,430
2025-10-06 13:40:00+05:30,193.6,193.6,193.15,193.15,50
2025-10-06 13:45:00+05:30,193.15,194.0,193.15,193.2,2915
2025-10-06 13:50:00+05:30,193.2,194.07,187.55,187.56,6053
2025-10-06 13:55:00+05:30,187.56,189.4,187.56,189.39,208
2025-10-06 14:00:00+05:30,189.4,189.75,188.5,188.5,271
2025-10-06 14:05:00+05:30,188.5,188.92,188.45,188.58,352
2025-10-06 14:10:00+05:30,188.58,189.99,188.5,188.5,2755
2025-10-06 14:15:00+05:30,188.5,189.2,188.5,189.2,42
2025-10-06 14:20:00+05:30,189.2,191.58,189.2,189.7,372
2025-10-06 14:25:00+05:30,189.7,189.7,189.7,189.7,0
2025-10-06 14:30:00+05:30,190.0,190.0,189.25,189.25,208
2025-10-06 14:35:00+05:30,189.25,189.25,189.25,189.25,202
2025-10-06 14:40:00+05:30,189.25,189.25,189.25,189.25,1361
2025-10-06 14:45:00+05:30,189.25,190.0,189.25,190.0,1055
2025-10-06 14:50:00+05:30,189.8,190.0,189.27,189.99,116
2025-10-06 14:55:00+05:30,189.99,189.99,189.99,189.99,0
2025-10-06 15:00:00+05:30,189.99,190.0,189.9,189.9,553
2025-10-06 15:05:00+05:30,189.9,189.9,189.25,189.25,2507
2025-10-06 15:10:00+05:30,189.25,189.25,189.25,189.25,652
2025-10-06 15:15:00+05:30,189.25,189.74,189.25,189.74,715
2025-10-06 15:20:00+05:30,189.74,189.74,189.25,189.25,259
2025-10-06 15:25:00+05:30,189.25,193.89,189.25,191.9,7567
2025-10-07 09:15:00+05:30,192.0,204.3,192.0,204.3,6386
2025-10-07 09:20:00+05:30,204.31,227.0,204.31,225.54,66139
2025-10-07 09:25:00+05:30,225.8,225.8,216.2,218.0,36997
2025-10-07 09:30:00+05:30,218.0,221.8,216.7,221.8,19986
2025-10-07 09:35:00+05:30,221.75,221.75,219.15,220.8,7172
2025-10-07 09:40:00+05:30,220.8,221.0,220.0,221.0,4515
2025-10-07 09:45:00+05:30,221.0,227.8,221.0,227.8,132439
2025-10-07 09:50:00+05:30,227.8,227.8,227.8,227.8,4945
2025-10-07 09:55:00+05:30,227.8,227.8,227.8,227.8,792
2025-10-07 10:00:00+05:30,227.8,227.8,227.8,227.8,3171
2025-10-07 10:05:00+05:30,227.8,227.8,227.8,227.8,641
2025-10-07 10:10:00+05:30,227.8,227.8,227.8,227.8,1315
2025-10-07 10:15:00+05:30,227.8,227.8,227.8,227.8,507
2025-10-07 10:20:00+05:30,227.8,227.8,227.8,227.8,923
2025-10-07 10:25:00+05:30,227.8,227.8,227.8,227.8,618
2025-10-07 10:30:00+05:30,227.8,227.8,227.8,227.8,1108
2025-10-07 10:35:00+05:30,227.8,227.8,227.8,227.8,440
2025-10-07 10:40:00+05:30,227.8,227.8,227.8,227.8,320
2025-10-07 10:45:00+05:30,227.8,227.8,227.8,227.8,354
2025-10-07 10:50:00+05:30,227.8,227.8,227.8,227.8,121
2025-10-07 10:55:00+05:30,227.8,227.8,227.8,227.8,149
2025-10-07 11:00:00+05:30,227.8,227.8,227.8,227.8,183
2025-10-07 11:05:00+05:30,227.8,227.8,227.8,227.8,418
2025-10-07 11:10:00+05:30,227.8,227.8,227.8,227.8,210
2025-10-07 11:15:00+05:30,227.8,227.8,227.8,227.8,599
2025-10-07 11:20:00+05:30,227.8,227.8,227.8,227.8,20
2025-10-07 11:25:00+05:30,227.8,227.8,227.8,227.8,34
2025-10-07 11:30:00+05:30,227.8,227.8,227.8,227.8,108
2025-10-07 11:35:00+05:30,227.8,227.8,227.8,227.8,50
2025-10-07 11:40:00+05:30,227.8,227.8,227.8,227.8,120
2025-10-07 11:45:00+05:30,227.8,227.8,227.8,227.8,215
2025-10-07 11:50:00+05:30,227.8,227.8,227.8,227.8,78
2025-10-07 11:55:00+05:30,227.8,227.8,227.8,227.8,5
2025-10-07 12:00:00+05:30,227.8,227.8,227.8,227.8,5
2025-10-07 12:05:00+05:30,227.8,227.8,227.8,227.8,130
2025-10-07 12:10:00+05:30,227.8,227.8,227.8,227.8,0
2025-10-07 12:15:00+05:30,227.8,227.8,227.8,227.8,101
2025-10-07 12:20:00+05:30,227.8,227.8,227.8,227.8,0
2025-10-07 12:25:00+05:30,227.8,227.8,227.8,227.8,337
2025-10-07 12:30:00+05:30,227.8,227.8,227.8,227.8,2
2025-10-07 12:35:00+05:30,227.8,227.8,227.8,227.8,0
2025-10-07 12:40:00+05:30,227.8,227.8,227.8,227.8,275
2025-10-07 12:45:00+05:30,227.8,227.8,227.8,227.8,25
2025-10-07 12:50:00+05:30,227.8,227.8,227.8,227.8,256
2025-10-07 12:55:00+05:30,227.8,227.8,227.8,227.8,0
2025-10-07 13:00:00+05:30,227.8,227.8,227.8,227.8,105
2025-10-07 13:05:00+05:30,227.8,227.8,227.8,227.8,25
2025-10-07 13:10:00+05:30,227.8,227.8,227.8,227.8,0
2025-10-07 13:15:00+05:30,227.8,227.8,227.8,227.8,35
2025-10-07 13:20:00+05:30,227.8,227.8,227.8,227.8,106
2025-10-07 13:25:00+05:30,227.8,227.8,227.8,227.8,0
2025-10-07 13:30:00+05:30,227.8,227.8,227.8,227.8,200
2025-10-07 13:35:00+05:30,227.8,227.8,227.8,227.8,14
2025-10-07 13:40:00+05:30,227.8,227.8,227.8,227.8,1
2025-10-07 13:45:00+05:30,227.8,227.8,227.8,227.8,0
2025-10-07 13:50:00+05:30,227.8,227.8,227.8,227.8,0
2025-10-07 13:55:00+05:30,227.8,227.8,227.8,227.8,100
2025-10-07 14:00:00+05:30,227.8,227.8,227.8,227.8,8
2025-10-07 14:05:00+05:30,227.8,227.8,227.8,227.8,0
2025-10-07 14:10:00+05:30,227.8,227.8,227.8,227.8,40
2025-10-07 14:15:00+05:30,227.8,227.8,227.8,227.8,107
2025-10-07 14:20:00+05:30,227.8,227.8,227.8,227.8,19
2025-10-07 14:25:00+05:30,227.8,227.8,227.8,227.8,8
2025-10-07 14:30:00+05:30,227.8,227.8,227.8,227.8,522
2025-10-07 14:35:00+05:30,227.8,227.8,227.8,227.8,0
2025-10-07 14:40:00+05:30,227.8,227.8,227.8,227.8,10
2025-10-07 14:45:00+05:30,227.8,227.8,227.8,227.8,32
2025-10-07 14:50:00+05:30,227.8,227.8,227.8,227.8,400
2025-10-07 14:55:00+05:30,227.8,227.8,227.8,227.8,0
2025-10-07 15:00:00+05:30,227.8,227.8,227.8,227.8,162
2025-10-07 15:05:00+05:30,227.8,227.8,227.8,227.8,61
2025-10-07 15:10:00+05:30,227.8,227.8,227.8,227.8,125
2025-10-07 15:15:00+05:30,227.8,227.8,227.8,227.8,33
2025-10-07 15:20:00+05:30,227.8,227.8,227.8,227.8,50
2025-10-07 15:25:00+05:30,227.8,227.8,227.8,227.8,0
2025-10-08 09:15:00+05:30,254.89,265.0,247.65,259.28,217869
2025-10-08 09:20:00+05:30,259.28,259.63,255.0,255.0,70531
2025-10-08 09:25:00+05:30,256.39,257.0,255.0,256.0,24982
2025-10-08 09:30:00+05:30,256.49,256.59,248.56,249.04,59322
2025-10-08 09:35:00+05:30,249.04,250.0,241.15,244.16,73347
2025-10-08 09:40:00+05:30,244.69,245.7,242.29,244.1,24506
2025-10-08 09:45:00+05:30,244.3,245.0,242.5,242.5,12447
2025-10-08 09:50:00+05:30,242.4,242.51,237.31,238.51,38819
2025-10-08 09:55:00+05:30,238.51,238.9,232.7,233.38,31929
2025-10-08 10:00:00+05:30,233.38,233.99,229.48,232.93,33869
2025-10-08 10:05:00+05:30,232.94,241.99,232.81,239.97,39639
2025-10-08 10:10:00+05:30,239.97,241.42,238.0,238.7,20733
2025-10-08 10:15:00+05:30,238.5,239.0,236.01,237.13,13777
2025-10-08 10:20:00+05:30,237.13,242.0,237.0,241.0,13829
2025-10-08 10:25:00+05:30,241.0,241.69,238.81,240.0,4933
2025-10-08 10:30:00+05:30,240.5,242.0,239.0,241.45,11046
2025-10-08 10:35:00+05:30,241.41,243.5,241.02,242.15,10248
2025-10-08 10:40:00+05:30,242.15,242.6,241.04,241.32,3722
2025-10-08 10:45:00+05:30,241.32,241.4,237.51,239.28,11615
2025-10-08 10:50:00+05:30,239.28,240.0,238.65,239.5,2496
2025-10-08 10:55:00+05:30,239.5,239.5,237.5,238.48,3399
2025-10-08 11:00:00+05:30,238.48,238.48,235.61,237.39,8853
2025-10-08 11:05:00+05:30,237.39,241.33,237.3,239.94,8715
2025-10-08 11:10:00+05:30,239.26,239.63,237.66,238.6,2225
2025-10-08 11:15:00+05:30,238.6,238.6,237.3,238.1,958
2025-10-08 11:20:00+05:30,238.1,238.5,237.2,238.5,3027
2025-10-08 11:25:00+05:30,238.5,239.5,237.77,237.77,2048
2025-10-08 11:30:00+05:30,237.75,238.96,237.4,238.8,716
2025-10-08 11:35:00+05:30,238.8,238.9,238.06,238.1,526
2025-10-08 11:40:00+05:30,238.1,240.49,237.91,240.0,4394
2025-10-08 11:45:00+05:30,240.0,240.0,238.19,238.85,2574
2025-10-08 11:50:00+05:30,238.85,239.6,238.85,239.6,991
2025-10-08 11:55:00+05:30,239.6,239.87,238.38,238.38,2592
2025-10-08 12:00:00+05:30,238.38,239.49,238.0,238.99,3067
2025-10-08 12:05:00+05:30,238.99,239.0,238.21,238.9,932
2025-10-08 12:10:00+05:30,238.9,239.25,238.26,239.25,167
2025-10-08 12:15:00+05:30,239.25,240.57,238.0,238.15,5573
2025-10-08 12:20:00+05:30,238.15,239.03,238.15,238.61,300
2025-10-08 12:25:00+05:30,238.61,239.09,238.32,238.35,884
2025-10-08 12:30:00+05:30,238.35,238.4,237.51,237.69,3778
2025-10-08 12:35:00+05:30,237.69,239.29,237.63,238.18,853
2025-10-08 12:40:00+05:30,238.18,239.47,238.18,238.99,478
2025-10-08 12:45:00+05:30,238.99,239.79,238.61,238.75,346
2025-10-08 12:50:00+05:30,238.75,239.29,237.12,238.51,2748
2025-10-08 12:55:00+05:30,238.7,238.7,237.26,238.11,163
2025-10-08 13:00:00+05:30,238.11,238.11,237.3,237.3,337
2025-10-08 13:05:00+05:30,237.3,238.64,237.22,238.17,2261
2025-10-08 13:10:00+05:30,238.17,238.42,235.8,236.7,2057
2025-10-08 13:15:00+05:30,236.56,238.0,236.07,238.0,3163
2025-10-08 13:20:00+05:30,237.97,237.97,235.82,236.87,1606
2025-10-08 13:25:00+05:30,236.87,237.0,235.32,235.78,6174
2025-10-08 13:30:00+05:30,235.78,237.34,234.9,234.98,7096
2025-10-08 13:35:00+05:30,234.98,235.99,234.01,234.02,8455
2025-10-08 13:40:00+05:30,234.0,234.18,231.16,231.99,8429
2025-10-08 13:45:00+05:30,231.99,234.45,231.99,233.78,6694
2025-10-08 13:50:00+05:30,233.78,233.83,232.8,233.83,471
2025-10-08 13:55:00+05:30,233.83,233.83,233.01,233.01,781
2025-10-08 14:00:00+05:30,233.01,234.45,233.0,234.2,2099
2025-10-08 14:05:00+05:30,234.2,234.8,231.7,232.01,4374
2025-10-08 14:10:00+05:30,232.01,232.38,224.47,224.99,15972
2025-10-08 14:15:00+05:30,224.47,227.25,223.91,224.1,8990
2025-10-08 14:20:00+05:30,224.73,227.7,224.73,225.95,4776
2025-10-08 14:25:00+05:30,225.95,227.0,224.0,225.05,6368
2025-10-08 14:30:00+05:30,225.05,226.48,224.69,226.0,5431
2025-10-08 14:35:00+05:30,226.0,227.6,225.0,227.6,6321
2025-10-08 14:40:00+05:30,227.64,229.33,227.04,229.15,9174
2025-10-08 14:45:00+05:30,229.15,229.5,227.9,228.38,2997
2025-10-08 14:50:00+05:30,228.38,230.0,227.03,228.65,4206
2025-10-08 14:55:00+05:30,228.65,233.6,228.65,229.8,13176
2025-10-08 15:00:00+05:30,229.8,232.67,229.05,232.07,13147
2025-10-08 15:05:00+05:30,232.07,232.9,231.87,232.0,4052
2025-10-08 15:10:00+05:30,232.0,232.0,228.0,228.87,11172
2025-10-08 15:15:00+05:30,228.41,229.25,226.0,226.4,13623
2025-10-08 15:20:00+05:30,226.05,227.15,224.92,227.0,6001
2025-10-08 15:25:00+05:30,227.19,227.19,223.8,224.0,9208
2025-10-09 09:15:00+05:30,228.02,237.0,220.76,236.04,9528
2025-10-09 09:20:00+05:30,236.04,236.6,233.24,235.02,4702
2025-10-09 09:25:00+05:30,235.01,235.01,227.01,227.01,7076
2025-10-09 09:30:00+05:30,227.41,227.45,225.55,226.54,3817
2025-10-09 09:35:00+05:30,226.6,226.6,224.26,226.16,1212
2025-10-09 09:40:00+05:30,226.17,226.2,224.3,224.84,567
2025-10-09 09:45:00+05:30,224.87,228.03,224.87,226.75,298
2025-10-09 09:50:00+05:30,226.75,226.75,224.28,224.81,1161
2025-10-09 09:55:00+05:30,224.81,225.01,224.81,225.01,616
2025-10-09 10:00:00+05:30,225.01,226.0,223.01,224.0,1614
2025-10-09 10:05:00+05:30,224.0,224.78,217.53,219.04,6159
2025-10-09 10:10:00+05:30,220.7,223.8,217.4,218.02,6152
2025-10-09 10:15:00+05:30,218.02,219.46,218.02,218.06,509
2025-10-09 10:20:00+05:30,218.06,218.98,218.0,218.88,281
2025-10-09 10:25:00+05:30,218.88,220.7,218.5,218.51,995
2025-10-09 10:30:00+05:30,219.81,219.81,218.42,218.49,261
2025-10-09 10:35:00+05:30,218.49,219.78,218.49,218.57,459
2025-10-09 10:40:00+05:30,218.57,219.01,218.57,218.67,113
2025-10-09 10:45:00+05:30,218.67,219.6,218.67,218.74,841
2025-10-09 10:50:00+05:30,218.75,219.56,218.75,219.56,139
2025-10-09 10:55:00+05:30,219.56,219.99,219.14,219.99,419
2025-10-09 11:00:00+05:30,219.99,219.99,219.11,219.9,261
2025-10-09 11:05:00+05:30,219.9,219.9,219.89,219.89,105
2025-10-09 11:10:00+05:30,219.89,219.89,219.18,219.18,102
2025-10-09 11:15:00+05:30,219.18,220.01,219.18,220.01,355
2025-10-09 11:20:00+05:30,220.01,220.78,220.01,220.7,482
2025-10-09 11:25:00+05:30,220.95,222.0,220.14,221.84,531
2025-10-09 11:30:00+05:30,221.84,221.99,221.2,221.95,787
2025-10-09 11:35:00+05:30,221.95,221.95,220.61,220.61,1
2025-10-09 11:40:00+05:30,220.61,221.79,220.61,221.02,200
2025-10-09 11:45:00+05:30,221.02,221.76,221.0,221.0,368
2025-10-09 11:50:00+05:30,221.0,221.5,220.01,220.01,644
2025-10-09 11:55:00+05:30,220.01,220.01,219.27,219.27,461
2025-10-09 12:00:00+05:30,219.19,219.9,219.19,219.26,211
2025-10-09 12:05:00+05:30,219.26,220.78,219.22,219.22,215
2025-10-09 12:10:00+05:30,219.22,220.7,219.22,220.6,312
2025-10-09 12:15:00+05:30,220.6,220.7,220.4,220.4,669
2025-10-09 12:20:00+05:30,220.4,221.85,220.4,220.41,399
2025-10-09 12:25:00+05:30,220.41,221.77,220.41,221.77,1
2025-10-09 12:30:00+05:30,221.77,221.77,221.62,221.62,65
2025-10-09 12:35:00+05:30,221.62,221.93,221.49,221.93,99
2025-10-09 12:40:00+05:30,221.93,221.93,220.43,220.43,29
2025-10-09 12:45:00+05:30,220.43,222.9,220.43,222.0,473
2025-10-09 12:50:00+05:30,222.0,223.01,222.0,222.79,279
2025-10-09 12:55:00+05:30,222.79,224.39,222.0,224.39,505
2025-10-09 13:00:00+05:30,224.39,224.39,222.28,222.99,426
2025-10-09 13:05:00+05:30,222.99,223.12,222.99,223.12,1
2025-10-09 13:10:00+05:30,223.12,223.12,222.5,222.5,50
2025-10-09 13:15:00+05:30,222.5,223.3,222.5,223.3,200
2025-10-09 13:20:00+05:30,223.3,223.3,223.29,223.29,1
2025-10-09 13:25:00+05:30,223.29,223.29,223.0,223.0,200
2025-10-09 13:30:00+05:30,223.0,223.0,223.0,223.0,0
2025-10-09 13:35:00+05:30,223.0,223.0,223.0,223.0,0
2025-10-09 13:40:00+05:30,223.0,223.0,223.0,223.0,0
2025-10-09 13:45:00+05:30,223.0,223.0,221.21,221.21,64
2025-10-09 13:50:00+05:30,221.21,221.21,220.43,220.43,74
2025-10-09 13:55:00+05:30,220.43,221.15,220.4,220.4,78
2025-10-09 14:00:00+05:30,220.4,220.4,220.4,220.4,15
2025-10-09 14:05:00+05:30,220.4,221.1,220.4,221.1,65
2025-10-09 14:10:00+05:30,221.1,221.1,221.09,221.09,34
2025-10-09 14:15:00+05:30,221.09,221.1,220.4,221.1,234
2025-10-09 14:20:00+05:30,221.1,221.21,220.41,221.21,454
2025-10-09 14:25:00+05:30,221.21,221.21,220.41,221.21,24
2025-10-09 14:30:00+05:30,221.21,221.21,220.4,220.4,260
2025-10-09 14:35:00+05:30,220.4,221.19,220.4,221.19,58
2025-10-09 14:40:00+05:30,220.41,220.41,220.4,220.4,47
2025-10-09 14:45:00+05:30,220.4,221.21,220.4,220.5,582
2025-10-09 14:50:00+05:30,220.5,220.5,220.5,220.5,0
2025-10-09 14:55:00+05:30,220.5,222.23,220.5,222.2,214
2025-10-09 15:00:00+05:30,222.2,222.2,221.25,221.35,746
2025-10-09 15:05:00+05:30,221.35,221.45,221.35,221.35,711
2025-10-09 15:10:00+05:30,221.35,221.99,221.0,221.99,785
2025-10-09 15:15:00+05:30,221.95,221.95,221.0,221.0,280
2025-10-09 15:20:00+05:30,221.0,221.65,220.5,220.5,338
2025-10-09 15:25:00+05:30,220.5,221.48,220.4,220.4,2172
2025-10-10 09:15:00+05:30,217.15,219.56,217.15,218.65,375
2025-10-10 09:20:00+05:30,218.65,221.09,218.65,220.0,555
2025-10-10 09:25:00+05:30,220.0,224.78,220.0,222.33,1140
2025-10-10 09:30:00+05:30,222.33,228.75,222.06,226.0,1963
2025-10-10 09:35:00+05:30,226.73,226.9,226.05,226.74,771
2025-10-10 09:40:00+05:30,226.74,226.89,225.0,225.55,1128
2025-10-10 09:45:00+05:30,225.55,228.75,225.01,227.5,2104
2025-10-10 09:50:00+05:30,227.5,227.51,221.02,224.0,4058
2025-10-10 09:55:00+05:30,224.0,224.0,223.01,223.87,163
2025-10-10 10:00:00+05:30,223.87,224.7,223.87,224.54,326
2025-10-10 10:05:00+05:30,224.54,224.54,224.2,224.2,72
2025-10-10 10:10:00+05:30,224.2,224.7,224.2,224.7,61
2025-10-10 10:15:00+05:30,224.7,225.01,224.3,225.01,594
2025-10-10 10:20:00+05:30,225.01,227.0,225.01,227.0,330
2025-10-10 10:25:00+05:30,227.0,227.0,225.51,225.51,127
2025-10-10 10:30:00+05:30,225.83,228.75,225.83,227.54,916
2025-10-10 10:35:00+05:30,227.54,227.54,225.94,225.94,41
2025-10-10 10:40:00+05:30,225.94,225.94,225.72,225.72,30
2025-10-10 10:45:00+05:30,225.72,225.72,224.0,224.0,71
2025-10-10 10:50:00+05:30,224.0,224.97,224.0,224.97,141
2025-10-10 10:55:00+05:30,224.97,224.97,224.96,224.96,7
2025-10-10 11:00:00+05:30,224.96,224.96,224.1,224.1,8
2025-10-10 11:05:00+05:30,224.1,224.1,224.01,224.01,93
2025-10-10 11:10:00+05:30,224.01,224.04,224.0,224.0,101
2025-10-10 11:15:00+05:30,224.0,224.0,224.0,224.0,121
2025-10-10 11:20:00+05:30,224.0,224.0,223.79,223.79,20
2025-10-10 11:25:00+05:30,223.79,223.79,218.3,221.35,2226
2025-10-10 11:30:00+05:30,221.35,221.35,219.2,219.55,164
2025-10-10 11:35:00+05:30,219.55,224.6,219.55,222.26,2341
2025-10-10 11:40:00+05:30,222.26,222.99,221.04,222.99,308
2025-10-10 11:45:00+05:30,222.99,222.99,222.0,222.01,352
2025-10-10 11:50:00+05:30,222.01,225.0,221.12,223.92,1455
2025-10-10 11:55:00+05:30,223.92,224.12,223.18,223.18,100
2025-10-10 12:00:00+05:30,223.18,223.18,223.18,223.18,0
2025-10-10 12:05:00+05:30,223.18,223.6,223.0,223.0,252
2025-10-10 12:10:00+05:30,223.0,229.6,221.99,221.99,9378
2025-10-10 12:15:00+05:30,221.99,221.99,221.24,221.58,14
2025-10-10 12:20:00+05:30,221.58,227.92,221.26,226.23,5080
2025-10-10 12:25:00+05:30,226.23,227.94,226.13,226.99,623
2025-10-10 12:30:00+05:30,226.23,226.23,223.66,226.0,469
2025-10-10 12:35:00+05:30,226.0,226.0,225.09,225.99,137
2025-10-10 12:40:00+05:30,225.99,227.29,225.99,227.29,229
2025-10-10 12:45:00+05:30,227.29,227.29,226.36,226.44,31
2025-10-10 12:50:00+05:30,226.44,227.78,226.39,226.39,434
2025-10-10 12:55:00+05:30,226.39,226.5,226.39,226.5,5
2025-10-10 13:00:00+05:30,227.54,227.54,226.33,226.33,48
2025-10-10 13:05:00+05:30,226.33,226.33,226.24,226.24,15
2025-10-10 13:10:00+05:30,226.23,226.23,225.15,225.15,1480
2025-10-10 13:15:00+05:30,225.15,225.15,225.15,225.15,0
2025-10-10 13:20:00+05:30,225.39,225.39,225.39,225.39,48
2025-10-10 13:25:00+05:30,225.39,225.39,225.38,225.39,182
2025-10-10 13:30:00+05:30,225.39,225.39,225.2,225.2,73
2025-10-10 13:35:00+05:30,225.2,225.35,225.2,225.35,48
2025-10-10 13:40:00+05:30,225.35,225.35,224.46,224.46,100
2025-10-10 13:45:00+05:30,224.46,224.99,221.75,222.57,4911
2025-10-10 13:50:00+05:30,222.57,222.68,222.41,222.41,104
2025-10-10 13:55:00+05:30,222.54,222.74,221.7,222.15,587
2025-10-10 14:00:00+05:30,222.15,222.24,221.07,222.24,378
2025-10-10 14:05:00+05:30,222.24,222.24,221.02,221.02,85
2025-10-10 14:10:00+05:30,221.02,221.6,220.25,221.6,395
2025-10-10 14:15:00+05:30,221.9,221.9,221.6,221.6,4
2025-10-10 14:20:00+05:30,221.6,222.39,221.6,222.39,112
2025-10-10 14:25:00+05:30,222.39,222.39,222.39,222.39,25
2025-10-10 14:30:00+05:30,222.39,222.39,222.39,222.39,0
2025-10-10 14:35:00+05:30,222.39,222.39,221.12,221.12,100
2025-10-10 14:40:00+05:30,221.12,221.5,220.2,220.21,669
2025-10-10 14:45:00+05:30,220.21,220.95,220.0,220.0,432
2025-10-10 14:50:00+05:30,220.0,220.0,220.0,220.0,179
2025-10-10 14:55:00+05:30,220.0,220.5,220.0,220.5,64
2025-10-10 15:00:00+05:30,220.5,220.86,220.21,220.86,72
2025-10-10 15:05:00+05:30,220.21,220.21,220.1,220.1,101
2025-10-10 15:10:00+05:30,220.73,221.3,220.01,221.0,318
2025-10-10 15:15:00+05:30,219.6,220.61,219.15,219.15,1051
2025-10-10 15:20:00+05:30,219.15,219.76,219.15,219.16,175
2025-10-10 15:25:00+05:30,219.16,219.16,218.0,218.0,1549
2025-10-13 09:15:00+05:30,221.9,225.0,219.15,221.86,1758
2025-10-13 09:20:00+05:30,221.86,222.5,221.01,222.01,320
2025-10-13 09:25:00+05:30,224.0,224.0,220.43,223.66,1657
2025-10-13 09:30:00+05:30,223.66,223.66,220.0,220.01,951
2025-10-13 09:35:00+05:30,220.01,220.84,220.0,220.0,490
2025-10-13 09:40:00+05:30,220.0,220.0,218.84,218.84,552
2025-10-13 09:45:00+05:30,218.84,218.84,212.79,215.89,1616
2025-10-13 09:50:00+05:30,215.89,215.89,214.01,214.8,432
2025-10-13 09:55:00+05:30,214.8,215.0,214.29,214.99,271
2025-10-13 10:00:00+05:30,214.99,215.87,214.99,215.87,790
2025-10-13 10:05:00+05:30,215.87,216.89,215.14,216.0,533
2025-10-13 10:10:00+05:30,216.0,216.58,216.0,216.57,101
2025-10-13 10:15:00+05:30,216.57,216.57,216.01,216.01,8
2025-10-13 10:20:00+05:30,216.01,216.02,215.8,215.8,385
2025-10-13 10:25:00+05:30,215.8,215.8,215.0,215.7,822
2025-10-13 10:30:00+05:30,215.7,216.01,215.7,216.01,8
2025-10-13 10:35:00+05:30,215.34,215.34,215.34,215.34,50
2025-10-13 10:40:00+05:30,216.0,216.01,216.0,216.01,65
2025-10-13 10:45:00+05:30,216.01,216.01,216.01,216.01,0
2025-10-13 10:50:00+05:30,216.01,216.01,216.01,216.01,0
2025-10-13 10:55:00+05:30,216.01,216.01,215.5,215.5,2
2025-10-13 11:00:00+05:30,215.5,215.5,212.0,212.25,995
2025-10-13 11:05:00+05:30,212.25,212.37,211.25,212.37,762
2025-10-13 11:10:00+05:30,212.37,212.37,210.85,210.85,807
2025-10-13 11:15:00+05:30,210.85,210.97,210.0,210.01,1950
2025-10-13 11:20:00+05:30,210.01,210.01,202.2,204.0,6401
2025-10-13 11:25:00+05:30,204.0,205.52,204.0,204.99,1688
2025-10-13 11:30:00+05:30,204.99,205.0,204.5,205.0,1295
2025-10-13 11:35:00+05:30,205.0,206.0,204.98,206.0,1039
2025-10-13 11:40:00+05:30,206.0,207.33,206.0,206.2,641
2025-10-13 11:45:00+05:30,206.2,206.9,206.2,206.83,229
2025-10-13 11:50:00+05:30,206.83,206.83,206.0,206.0,613
2025-10-13 11:55:00+05:30,206.0,206.5,206.0,206.0,1045
2025-10-13 12:00:00+05:30,206.0,206.48,206.0,206.47,26
2025-10-13 12:05:00+05:30,206.47,206.47,206.01,206.3,65
2025-10-13 12:10:00+05:30,206.3,207.95,206.0,207.59,1435
2025-10-13 12:15:00+05:30,207.59,210.0,207.59,208.77,2390
2025-10-13 12:20:00+05:30,208.77,208.77,208.16,208.26,369
2025-10-13 12:25:00+05:30,208.26,208.28,208.26,208.28,1
2025-10-13 12:30:00+05:30,208.28,208.28,207.18,207.18,495
2025-10-13 12:35:00+05:30,207.18,207.18,207.18,207.18,0
2025-10-13 12:40:00+05:30,207.0,207.25,207.0,207.25,64
2025-10-13 12:45:00+05:30,207.25,207.32,207.25,207.32,176
2025-10-13 12:50:00+05:30,207.32,208.17,207.32,208.17,52
2025-10-13 12:55:00+05:30,208.17,208.65,208.02,208.65,281
2025-10-13 13:00:00+05:30,208.65,209.63,208.65,209.56,37
2025-10-13 13:05:00+05:30,209.56,209.7,208.66,209.7,92
2025-10-13 13:10:00+05:30,209.7,212.0,209.7,212.0,960
2025-10-13 13:15:00+05:30,212.0,212.0,211.02,211.02,126
2025-10-13 13:20:00+05:30,211.02,211.02,210.0,210.0,240
2025-10-13 13:25:00+05:30,209.37,209.37,209.16,209.2,238
2025-10-13 13:30:00+05:30,209.99,210.0,209.99,210.0,170
2025-10-13 13:35:00+05:30,210.0,210.0,209.49,209.49,77
2025-10-13 13:40:00+05:30,209.49,210.0,209.49,210.0,36
2025-10-13 13:45:00+05:30,210.0,210.0,209.45,209.7,21
2025-10-13 13:50:00+05:30,209.7,210.35,209.08,209.15,967
2025-10-13 13:55:00+05:30,209.15,210.12,209.15,209.87,97
2025-10-13 14:00:00+05:30,209.87,211.1,209.87,211.1,637
2025-10-13 14:05:00+05:30,211.1,211.37,211.08,211.37,39
2025-10-13 14:10:00+05:30,211.37,211.37,211.08,211.08,93
2025-10-13 14:15:00+05:30,211.08,211.08,211.08,211.08,0
2025-10-13 14:20:00+05:30,211.08,212.0,211.08,211.99,336
2025-10-13 14:25:00+05:30,212.0,212.35,212.0,212.35,381
2025-10-13 14:30:00+05:30,211.93,211.98,211.93,211.98,101
2025-10-13 14:35:00+05:30,212.01,212.01,212.01,212.01,101
2025-10-13 14:40:00+05:30,212.01,212.01,212.0,212.0,71
2025-10-13 14:45:00+05:30,212.0,212.0,211.15,211.15,220
2025-10-13 14:50:00+05:30,211.15,213.13,211.15,213.13,1265
2025-10-13 14:55:00+05:30,213.13,213.13,212.45,212.45,1
2025-10-13 15:00:00+05:30,212.45,212.45,211.48,211.48,50
2025-10-13 15:05:00+05:30,211.15,211.15,211.15,211.15,117
2025-10-13 15:10:00+05:30,211.15,212.12,211.15,212.0,136
2025-10-13 15:15:00+05:30,212.0,212.0,208.1,208.1,1564
2025-10-13 15:20:00+05:30,208.1,209.95,208.1,209.69,604
2025-10-13 15:25:00+05:30,209.69,215.0,208.1,215.0,1765
2025-10-14 09:15:00+05:30,214.0,219.99,213.12,217.99,1225
2025-10-14 09:20:00+05:30,216.81,217.46,216.02,216.81,391
2025-10-14 09:25:00+05:30,216.81,216.81,216.02,216.04,166
2025-10-14 09:30:00+05:30,216.04,216.04,216.04,216.04,1
2025-10-14 09:35:00+05:30,216.04,216.05,216.04,216.05,31
2025-10-14 09:40:00+05:30,216.05,216.74,216.05,216.05,62
2025-10-14 09:45:00+05:30,216.05,217.78,216.05,217.78,260
2025-10-14 09:50:00+05:30,217.78,217.78,217.0,217.0,300
2025-10-14 09:55:00+05:30,217.0,217.0,216.1,216.15,131
2025-10-14 10:00:00+05:30,216.1,216.1,216.1,216.1,120
2025-10-14 10:05:00+05:30,216.1,216.1,216.1,216.1,299
2025-10-14 10:10:00+05:30,216.1,216.1,216.1,216.1,155
2025-10-14 10:15:00+05:30,216.1,216.54,216.1,216.54,1
2025-10-14 10:20:00+05:30,216.54,216.54,216.1,216.49,174
2025-10-14 10:25:00+05:30,216.49,216.49,211.71,213.15,1288
2025-10-14 10:30:00+05:30,213.15,213.15,213.0,213.0,10
2025-10-14 10:35:00+05:30,213.0,213.0,213.0,213.0,0
2025-10-14 10:40:00+05:30,213.97,213.97,213.01,213.01,58
2025-10-14 10:45:00+05:30,213.01,213.02,213.01,213.02,125
2025-10-14 10:50:00+05:30,213.02,213.02,213.02,213.02,1
2025-10-14 10:55:00+05:30,213.02,216.69,213.02,216.69,378
2025-10-14 11:00:00+05:30,216.69,216.69,215.02,215.03,239
2025-10-14 11:05:00+05:30,215.03,215.82,213.23,215.82,264
2025-10-14 11:10:00+05:30,215.82,215.82,215.8,215.8,94
2025-10-14 11:15:00+05:30,215.8,215.8,214.56,215.69,65
2025-10-14 11:20:00+05:30,214.43,214.43,214.0,214.0,250
2025-10-14 11:25:00+05:30,214.0,214.01,214.0,214.01,32
2025-10-14 11:30:00+05:30,214.01,214.01,214.01,214.01,3
2025-10-14 11:35:00+05:30,214.01,215.63,214.01,215.63,1
2025-10-14 11:40:00+05:30,215.63,215.63,213.69,215.09,70
2025-10-14 11:45:00+05:30,215.09,216.44,215.09,216.44,100
2025-10-14 11:50:00+05:30,216.44,216.44,213.97,213.97,101
2025-10-14 11:55:00+05:30,213.97,214.0,213.29,213.29,30
2025-10-14 12:00:00+05:30,213.29,213.29,213.29,213.29,0
2025-10-14 12:05:00+05:30,213.29,213.29,213.29,213.29,0
2025-10-14 12:10:00+05:30,213.29,214.8,213.29,214.8,273
2025-10-14 12:15:00+05:30,214.8,214.99,214.8,214.99,10
2025-10-14 12:20:00+05:30,214.99,214.99,214.99,214.99,0
2025-10-14 12:25:00+05:30,214.99,214.99,214.98,214.98,45
2025-10-14 12:30:00+05:30,214.98,214.98,214.98,214.98,0
2025-10-14 12:35:00+05:30,214.98,214.98,213.96,214.0,218
2025-10-14 12:40:00+05:30,214.0,214.0,213.85,213.85,56
2025-10-14 12:45:00+05:30,213.85,213.85,213.85,213.85,0
2025-10-14 12:50:00+05:30,213.85,213.85,213.85,213.85,0
2025-10-14 12:55:00+05:30,213.85,214.89,213.85,214.89,1
2025-10-14 13:00:00+05:30,214.89,214.89,208.6,210.1,1966
2025-10-14 13:05:00+05:30,210.1,210.1,207.15,207.17,3003
2025-10-14 13:10:00+05:30,207.17,208.87,207.17,208.87,78
2025-10-14 13:15:00+05:30,208.87,208.98,207.35,208.98,16
2025-10-14 13:20:00+05:30,208.98,208.98,208.98,208.98,0
2025-10-14 13:25:00+05:30,208.99,208.99,208.01,208.01,16
2025-10-14 13:30:00+05:30,208.01,208.01,208.01,208.01,0
2025-10-14 13:35:00+05:30,208.01,208.01,208.0,208.0,168
2025-10-14 13:40:00+05:30,208.0,208.0,208.0,208.0,0
2025-10-14 13:45:00+05:30,209.0,210.95,209.0,210.95,226
2025-10-14 13:50:00+05:30,210.95,210.95,208.0,208.0,223
2025-10-14 13:55:00+05:30,208.0,208.0,208.0,208.0,99
2025-10-14 14:00:00+05:30,209.84,209.86,209.84,209.86,123
2025-10-14 14:05:00+05:30,209.86,209.86,208.11,208.11,9
2025-10-14 14:10:00+05:30,209.19,209.19,208.99,208.99,28
2025-10-14 14:15:00+05:30,208.99,208.99,208.99,208.99,2
2025-10-14 14:20:00+05:30,208.99,210.61,208.99,210.61,228
2025-10-14 14:25:00+05:30,210.61,210.61,210.61,210.61,0
2025-10-14 14:30:00+05:30,210.61,210.61,208.0,208.0,200
2025-10-14 14:35:00+05:30,208.0,209.63,208.0,209.63,47
2025-10-14 14:40:00+05:30,209.63,209.63,209.63,209.63,0
2025-10-14 14:45:00+05:30,209.63,209.63,208.07,208.07,257
2025-10-14 14:50:00+05:30,208.07,209.7,208.0,208.0,610
2025-10-14 14:55:00+05:30,207.79,207.79,203.97,206.48,5976
2025-10-14 15:00:00+05:30,206.48,206.48,205.33,205.33,811
2025-10-14 15:05:00+05:30,205.33,205.33,203.21,203.99,2871
2025-10-14 15:10:00+05:30,203.99,204.69,202.0,203.0,2034
2025-10-14 15:15:00+05:30,204.39,205.0,201.66,203.34,1974
2025-10-14 15:20:00+05:30,203.34,210.0,203.34,209.86,5716
2025-10-14 15:25:00+05:30,209.86,210.61,205.81,210.61,2742
2025-10-15 09:15:00+05:30,209.78,211.68,209.77,211.39,523
2025-10-15 09:20:00+05:30,211.39,211.39,208.99,211.39,246
2025-10-15 09:25:00+05:30,211.39,212.2,210.11,212.2,1981
2025-10-15 09:30:00+05:30,212.2,212.2,210.15,210.66,283
2025-10-15 09:35:00+05:30,210.66,212.2,210.41,211.8,714
2025-10-15 09:40:00+05:30,211.8,211.8,211.06,211.59,40
2025-10-15 09:45:00+05:30,211.59,211.59,210.87,211.58,64
2025-10-15 09:50:00+05:30,211.58,211.58,210.81,211.58,25
2025-10-15 09:55:00+05:30,211.58,211.58,211.0,211.55,105
2025-10-15 10:00:00+05:30,211.55,211.55,211.29,211.5,208
2025-10-15 10:05:00+05:30,211.5,211.5,211.5,211.5,0
2025-10-15 10:10:00+05:30,211.5,211.59,211.5,211.5,49
2025-10-15 10:15:00+05:30,211.5,211.5,211.5,211.5,51
2025-10-15 10:20:00+05:30,211.5,211.5,211.07,211.07,155
2025-10-15 10:25:00+05:30,211.07,211.14,211.07,211.14,45
2025-10-15 10:30:00+05:30,211.14,211.55,211.14,211.23,43
2025-10-15 10:35:00+05:30,211.23,211.55,211.1,211.1,298
2025-10-15 10:40:00+05:30,211.1,211.1,210.43,211.0,44
2025-10-15 10:45:00+05:30,211.0,211.05,211.0,211.05,25
2025-10-15 10:50:00+05:30,211.05,211.3,211.05,211.05,186
2025-10-15 10:55:00+05:30,211.05,211.86,210.79,211.86,634
2025-10-15 11:00:00+05:30,211.4,211.89,211.4,211.8,111
2025-10-15 11:05:00+05:30,211.4,211.4,211.0,211.0,52
2025-10-15 11:10:00+05:30,211.0,211.0,211.0,211.0,0
2025-10-15 11:15:00+05:30,211.89,211.89,211.12,211.12,201
2025-10-15 11:20:00+05:30,211.12,211.12,211.12,211.12,0
2025-10-15 11:25:00+05:30,211.12,211.12,211.12,211.12,0
2025-10-15 11:30:00+05:30,211.12,211.16,211.12,211.16,16
2025-10-15 11:35:00+05:30,211.16,211.26,211.16,211.22,225
2025-10-15 11:40:00+05:30,211.22,211.74,211.22,211.22,16
2025-10-15 11:45:00+05:30,211.22,211.74,211.22,211.23,11
2025-10-15 11:50:00+05:30,211.23,211.23,211.0,211.0,253
2025-10-15 11:55:00+05:30,211.0,211.01,211.0,211.01,1
2025-10-15 12:00:00+05:30,211.01,211.64,211.01,211.64,22
2025-10-15 12:05:00+05:30,211.02,211.02,211.0,211.0,580
2025-10-15 12:10:00+05:30,211.0,211.0,210.0,210.0,545
2025-10-15 12:15:00+05:30,210.0,210.0,210.0,210.0,29
2025-10-15 12:20:00+05:30,210.0,210.0,210.0,210.0,0
2025-10-15 12:25:00+05:30,210.0,210.0,208.5,208.5,2
2025-10-15 12:30:00+05:30,208.5,208.5,208.1,208.1,15
2025-10-15 12:35:00+05:30,208.1,208.1,208.1,208.1,0
2025-10-15 12:40:00+05:30,208.1,209.93,208.1,208.3,101
2025-10-15 12:45:00+05:30,208.3,208.3,208.3,208.3,0
2025-10-15 12:50:00+05:30,209.99,209.99,208.34,208.34,7
2025-10-15 12:55:00+05:30,209.99,209.99,208.34,208.34,2
2025-10-15 13:00:00+05:30,208.34,208.34,208.34,208.34,2
2025-10-15 13:05:00+05:30,208.34,208.5,208.34,208.5,25
2025-10-15 13:10:00+05:30,208.5,209.98,208.5,209.98,1
2025-10-15 13:15:00+05:30,209.98,210.0,208.56,208.68,47
2025-10-15 13:20:00+05:30,208.68,208.68,208.68,208.68,0
2025-10-15 13:25:00+05:30,208.68,208.68,208.68,208.68,0
2025-10-15 13:30:00+05:30,208.68,209.0,208.68,209.0,50
2025-10-15 13:35:00+05:30,209.0,209.0,209.0,209.0,0
2025-10-15 13:45:00+05:30,209.99,209.99,208.0,208.0,862
2025-10-15 13:50:00+05:30,208.0,209.83,207.01,208.01,182
2025-10-15 13:55:00+05:30,208.01,210.62,208.0,208.18,327
2025-10-15 14:00:00+05:30,208.18,208.18,207.61,207.61,49
2025-10-15 14:05:00+05:30,207.61,208.19,207.61,208.19,57
2025-10-15 14:10:00+05:30,208.19,208.19,208.19,208.19,122
2025-10-15 14:15:00+05:30,208.01,208.32,208.0,208.0,188
2025-10-15 14:20:00+05:30,208.0,208.0,208.0,208.0,0
2025-10-15 14:25:00+05:30,208.0,208.0,208.0,208.0,4
2025-10-15 14:30:00+05:30,208.0,208.0,207.02,207.02,311
2025-10-15 14:35:00+05:30,207.01,207.04,206.8,207.04,185
2025-10-15 14:40:00+05:30,207.04,207.04,207.04,207.04,15
2025-10-15 14:45:00+05:30,207.04,207.04,207.04,207.04,9
2025-10-15 14:50:00+05:30,207.7,207.95,207.7,207.95,46
2025-10-15 14:55:00+05:30,207.95,208.98,207.95,208.98,100
2025-10-15 15:00:00+05:30,208.98,208.98,201.0,204.82,4651
2025-10-15 15:05:00+05:30,204.82,205.78,203.31,205.77,316
2025-10-15 15:10:00+05:30,205.77,205.77,205.71,205.71,796
2025-10-15 15:15:00+05:30,205.71,206.26,205.71,206.26,5
2025-10-15 15:20:00+05:30,206.26,207.3,206.26,206.51,291
2025-10-15 15:25:00+05:30,207.64,209.49,207.0,207.0,356
