timestamp,open,high,low,close,volume
2025-09-18 09:15:00+05:30,83.75,84.37,83.75,84.0,744
2025-09-18 09:20:00+05:30,84.0,84.0,83.74,84.0,301
2025-09-18 09:25:00+05:30,83.8,83.99,83.8,83.99,323
2025-09-18 09:30:00+05:30,83.99,83.99,83.8,83.8,79
2025-09-18 09:35:00+05:30,83.8,84.0,83.8,83.8,234
2025-09-18 09:40:00+05:30,83.8,83.8,83.78,83.78,56
2025-09-18 09:45:00+05:30,83.5,83.5,83.11,83.11,1074
2025-09-18 09:50:00+05:30,83.11,83.53,83.11,83.51,55
2025-09-18 09:55:00+05:30,83.51,83.85,83.4,83.78,2832
2025-09-18 10:00:00+05:30,83.78,84.5,83.78,84.5,1002
2025-09-18 10:05:00+05:30,84.5,84.5,84.5,84.5,0
2025-09-18 10:10:00+05:30,84.5,84.5,84.5,84.5,0
2025-09-18 10:15:00+05:30,84.5,84.5,83.68,83.68,168
2025-09-18 10:20:00+05:30,83.68,83.79,83.68,83.79,33
2025-09-18 10:25:00+05:30,83.79,83.79,83.79,83.79,0
2025-09-18 10:30:00+05:30,83.79,83.79,83.56,83.71,261
2025-09-18 10:35:00+05:30,83.71,83.71,83.56,83.56,79
2025-09-18 10:40:00+05:30,83.56,83.56,83.56,83.56,0
2025-09-18 10:45:00+05:30,83.56,83.56,83.56,83.56,0
2025-09-18 10:50:00+05:30,83.56,83.56,83.56,83.56,0
2025-09-18 10:55:00+05:30,83.56,83.56,83.56,83.56,0
2025-09-18 11:00:00+05:30,83.56,84.0,83.56,84.0,222
2025-09-18 11:05:00+05:30,84.0,84.0,84.0,84.0,0
2025-09-18 11:10:00+05:30,84.0,84.0,84.0,84.0,0
2025-09-18 11:15:00+05:30,84.0,84.0,84.0,84.0,0
2025-09-18 11:25:00+05:30,84.0,84.0,84.0,84.0,0
2025-09-18 11:30:00+05:30,84.0,84.0,84.0,84.0,0
2025-09-18 11:35:00+05:30,84.0,84.0,84.0,84.0,0
2025-09-18 11:40:00+05:30,84.09,84.09,84.09,84.09,9
2025-09-18 11:45:00+05:30,84.09,84.09,84.09,84.09,0
2025-09-18 11:50:00+05:30,84.09,84.09,84.09,84.09,0
2025-09-18 11:55:00+05:30,84.09,84.25,83.81,83.96,291
2025-09-18 12:00:00+05:30,83.96,83.96,83.9,83.9,8
2025-09-18 12:05:00+05:30,83.9,83.9,83.9,83.9,0
2025-09-18 12:10:00+05:30,83.9,84.24,83.9,84.24,30
2025-09-18 12:15:00+05:30,84.24,84.24,84.24,84.24,0
2025-09-18 12:20:00+05:30,84.24,84.3,84.24,84.3,1051
2025-09-18 12:25:00+05:30,84.3,84.3,84.05,84.3,2157
2025-09-18 12:30:00+05:30,84.3,84.3,84.17,84.24,93
2025-09-18 12:35:00+05:30,84.24,84.75,84.24,84.75,1000
2025-09-18 12:40:00+05:30,84.75,84.81,84.75,84.81,1105
2025-09-18 12:45:00+05:30,84.81,84.81,84.81,84.81,0
2025-09-18 12:50:00+05:30,84.81,84.81,84.81,84.81,0
2025-09-18 12:55:00+05:30,84.81,84.81,84.81,84.81,0
2025-09-18 13:00:00+05:30,84.81,84.81,84.81,84.81,0
2025-09-18 13:05:00+05:30,84.81,84.81,84.81,84.81,0
2025-09-18 13:10:00+05:30,84.81,84.81,84.8,84.8,1000
2025-09-18 13:15:00+05:30,84.8,84.8,84.8,84.8,0
2025-09-18 13:20:00+05:30,84.8,84.8,84.8,84.8,0
2025-09-18 13:25:00+05:30,84.8,84.8,84.8,84.8,0
2025-09-18 13:30:00+05:30,84.8,84.8,84.8,84.8,0
2025-09-18 13:35:00+05:30,84.8,84.8,83.41,83.41,0
2025-09-18 13:40:00+05:30,83.41,84.7,83.41,84.7,1125
2025-09-18 13:45:00+05:30,84.7,84.75,84.7,84.75,32
2025-09-18 13:55:00+05:30,84.75,84.75,84.1,84.1,250
2025-09-18 14:00:00+05:30,84.1,84.1,84.1,84.1,0
2025-09-18 14:10:00+05:30,84.1,84.1,84.1,84.1,0
2025-09-18 14:20:00+05:30,84.1,84.1,84.1,84.1,0
2025-09-18 14:25:00+05:30,84.1,84.1,84.1,84.1,0
2025-09-18 14:30:00+05:30,84.1,84.21,84.1,84.21,1
2025-09-18 14:35:00+05:30,84.21,84.21,84.21,84.21,0
2025-09-18 14:40:00+05:30,84.21,84.21,83.15,83.15,2100
2025-09-18 14:45:00+05:30,83.15,83.15,83.15,83.15,0
2025-09-18 14:50:00+05:30,83.15,83.15,83.15,83.15,0
2025-09-18 14:55:00+05:30,83.15,83.37,83.15,83.37,1
2025-09-18 15:00:00+05:30,83.97,83.97,83.15,83.15,1841
2025-09-18 15:05:00+05:30,83.15,83.15,83.15,83.15,0
2025-09-18 15:10:00+05:30,83.15,83.15,83.15,83.15,0
2025-09-18 15:15:00+05:30,83.15,83.35,83.15,83.35,487
2025-09-18 15:20:00+05:30,83.35,83.9,82.62,83.0,5290
2025-09-18 15:25:00+05:30,83.0,83.7,82.62,83.7,1451
2025-09-19 09:15:00+05:30,84.17,84.17,84.0,84.0,106
2025-09-19 09:20:00+05:30,84.0,84.01,83.04,83.57,1757
2025-09-19 09:25:00+05:30,83.57,83.57,83.57,83.57,0
2025-09-19 09:30:00+05:30,83.57,83.57,83.57,83.57,0
2025-09-19 09:35:00+05:30,83.57,83.57,83.5,83.5,10
2025-09-19 09:40:00+05:30,83.37,83.69,83.37,83.69,36
2025-09-19 09:45:00+05:30,83.69,83.69,83.15,83.15,321
2025-09-19 09:50:00+05:30,83.15,83.15,83.15,83.15,0
2025-09-19 09:55:00+05:30,83.15,83.15,82.5,82.78,631
2025-09-19 10:00:00+05:30,82.78,82.78,82.78,82.78,0
2025-09-19 10:05:00+05:30,82.78,82.89,82.7,82.89,61
2025-09-19 10:10:00+05:30,82.89,82.89,82.89,82.89,0
2025-09-19 10:15:00+05:30,82.89,82.89,82.7,82.7,355
2025-09-19 10:20:00+05:30,82.7,82.7,82.69,82.7,32
2025-09-19 10:25:00+05:30,82.7,82.7,82.7,82.7,0
2025-09-19 10:30:00+05:30,82.7,82.7,82.7,82.7,0
2025-09-19 10:35:00+05:30,82.7,82.7,82.7,82.7,0
2025-09-19 10:40:00+05:30,82.7,82.7,82.7,82.7,75
2025-09-19 10:45:00+05:30,82.7,82.7,82.7,82.7,100
2025-09-19 10:50:00+05:30,82.7,82.7,82.7,82.7,0
2025-09-19 10:55:00+05:30,82.7,82.7,82.7,82.7,26
2025-09-19 11:00:00+05:30,82.7,82.7,82.7,82.7,0
2025-09-19 11:05:00+05:30,82.7,82.7,82.7,82.7,0
2025-09-19 11:10:00+05:30,82.7,82.7,82.5,82.51,100
2025-09-19 11:15:00+05:30,82.51,82.51,82.51,82.51,0
2025-09-19 11:20:00+05:30,82.51,82.51,82.51,82.51,0
2025-09-19 11:25:00+05:30,82.5,82.99,82.0,82.0,2841
2025-09-19 11:30:00+05:30,82.0,82.1,82.0,82.1,1
2025-09-19 11:35:00+05:30,82.1,82.49,82.1,82.49,101
2025-09-19 11:40:00+05:30,82.49,82.49,82.49,82.49,270
2025-09-19 11:45:00+05:30,82.49,82.5,82.49,82.5,200
2025-09-19 11:50:00+05:30,82.5,82.5,82.1,82.1,235
2025-09-19 11:55:00+05:30,82.1,82.1,82.0,82.0,300
2025-09-19 12:00:00+05:30,82.0,82.0,82.0,82.0,0
2025-09-19 12:05:00+05:30,82.0,82.0,82.0,82.0,0
2025-09-19 12:10:00+05:30,82.0,82.0,82.0,82.0,0
2025-09-19 12:15:00+05:30,82.0,82.48,82.0,82.48,19
2025-09-19 12:20:00+05:30,82.07,82.07,82.07,82.07,1
2025-09-19 12:30:00+05:30,82.07,82.07,82.07,82.07,1
2025-09-19 12:35:00+05:30,82.07,82.07,82.07,82.07,0
2025-09-19 12:40:00+05:30,82.05,82.09,82.0,82.09,906
2025-09-19 12:45:00+05:30,82.09,82.09,82.09,82.09,0
2025-09-19 12:50:00+05:30,82.09,82.09,82.09,82.09,0
2025-09-19 12:55:00+05:30,82.09,82.09,82.09,82.09,0
2025-09-19 13:00:00+05:30,82.09,82.15,82.09,82.15,1
2025-09-19 13:05:00+05:30,82.15,82.54,82.15,82.54,501
2025-09-19 13:10:00+05:30,82.54,82.54,82.54,82.54,109
2025-09-19 13:15:00+05:30,82.54,82.54,82.54,82.54,250
2025-09-19 13:20:00+05:30,82.54,82.54,82.54,82.54,0
2025-09-19 13:25:00+05:30,82.54,82.54,82.54,82.54,0
2025-09-19 13:30:00+05:30,82.54,82.54,82.54,82.54,0
2025-09-19 13:35:00+05:30,82.79,82.79,82.25,82.25,364
2025-09-19 13:40:00+05:30,82.25,82.25,82.25,82.25,0
2025-09-19 13:45:00+05:30,82.25,82.25,82.25,82.25,0
2025-09-19 13:50:00+05:30,82.25,82.77,82.25,82.77,5
2025-09-19 13:55:00+05:30,82.77,82.77,82.77,82.77,0
2025-09-19 14:00:00+05:30,82.77,82.77,82.77,82.77,5
2025-09-19 14:05:00+05:30,82.77,82.77,82.39,82.39,30
2025-09-19 14:10:00+05:30,82.39,82.39,82.39,82.39,0
2025-09-19 14:15:00+05:30,82.39,82.39,82.39,82.39,0
2025-09-19 14:20:00+05:30,82.39,82.39,82.39,82.39,0
2025-09-19 14:25:00+05:30,82.39,82.39,82.39,82.39,0
2025-09-19 14:30:00+05:30,82.25,82.42,82.25,82.42,871
2025-09-19 14:35:00+05:30,82.42,82.42,82.42,82.42,0
2025-09-19 14:40:00+05:30,82.42,82.42,82.42,82.42,0
2025-09-19 14:45:00+05:30,82.42,82.42,82.1,82.1,150
2025-09-19 14:50:00+05:30,82.1,82.1,82.1,82.1,0
2025-09-19 14:55:00+05:30,82.75,82.75,82.75,82.75,1
2025-09-19 15:00:00+05:30,82.75,82.75,82.22,82.22,100
2025-09-19 15:05:00+05:30,82.78,82.79,82.78,82.79,137
2025-09-19 15:10:00+05:30,82.79,82.79,82.72,82.72,2071
2025-09-19 15:15:00+05:30,82.72,82.75,82.12,82.66,214
2025-09-19 15:20:00+05:30,82.66,82.66,82.13,82.57,192
2025-09-19 15:25:00+05:30,82.1,82.47,81.6,81.61,687
2025-09-22 09:15:00+05:30,82.55,83.0,82.01,82.01,414
2025-09-22 09:20:00+05:30,82.01,82.55,82.01,82.55,167
2025-09-22 09:25:00+05:30,82.55,82.55,82.55,82.55,0
2025-09-22 09:30:00+05:30,82.55,82.55,82.04,82.25,571
2025-09-22 09:35:00+05:30,82.25,82.25,82.25,82.25,0
2025-09-22 09:40:00+05:30,82.25,82.25,82.25,82.25,0
2025-09-22 09:45:00+05:30,82.25,82.59,82.25,82.59,189
2025-09-22 09:50:00+05:30,82.59,82.61,82.59,82.61,10
2025-09-22 09:55:00+05:30,82.61,82.61,82.61,82.61,0
2025-09-22 10:00:00+05:30,82.61,82.66,82.61,82.66,50
2025-09-22 10:05:00+05:30,82.66,83.0,82.66,82.68,275
2025-09-22 10:10:00+05:30,82.68,82.68,82.68,82.68,0
2025-09-22 10:15:00+05:30,82.68,82.68,82.68,82.68,0
2025-09-22 10:20:00+05:30,82.68,83.0,82.68,83.0,70
2025-09-22 10:25:00+05:30,83.0,83.09,83.0,83.06,138
2025-09-22 10:30:00+05:30,83.06,83.06,83.06,83.06,0
2025-09-22 10:35:00+05:30,83.06,83.06,83.0,83.0,3
2025-09-22 10:40:00+05:30,83.0,83.0,83.0,83.0,0
2025-09-22 10:50:00+05:30,83.0,83.0,83.0,83.0,0
2025-09-22 10:55:00+05:30,83.0,83.0,83.0,83.0,0
2025-09-22 11:00:00+05:30,83.0,83.0,83.0,83.0,0
2025-09-22 11:05:00+05:30,83.0,83.0,83.0,83.0,0
2025-09-22 11:10:00+05:30,83.18,83.18,82.88,82.88,11
2025-09-22 11:15:00+05:30,82.88,82.88,82.88,82.88,0
2025-09-22 11:20:00+05:30,82.88,82.88,82.2,82.2,1656
2025-09-22 11:25:00+05:30,82.2,83.18,82.2,83.18,320
2025-09-22 11:30:00+05:30,83.18,83.18,83.18,83.18,0
2025-09-22 11:35:00+05:30,82.5,83.31,82.5,83.31,299
2025-09-22 11:40:00+05:30,83.31,83.5,82.98,82.98,439
2025-09-22 11:45:00+05:30,82.98,82.98,82.98,82.98,0
2025-09-22 11:50:00+05:30,82.98,82.98,82.98,82.98,0
2025-09-22 11:55:00+05:30,82.98,83.0,82.98,83.0,75
2025-09-22 12:00:00+05:30,83.0,83.0,83.0,83.0,0
2025-09-22 12:05:00+05:30,83.0,83.0,82.92,82.92,81
2025-09-22 12:10:00+05:30,82.92,82.92,82.52,82.52,40
2025-09-22 12:20:00+05:30,82.52,82.52,82.52,82.52,0
2025-09-22 12:25:00+05:30,82.52,82.52,82.5,82.5,250
2025-09-22 12:30:00+05:30,82.5,82.5,82.5,82.5,0
2025-09-22 12:35:00+05:30,82.5,82.86,82.5,82.86,30
2025-09-22 12:40:00+05:30,82.86,82.86,82.86,82.86,0
2025-09-22 12:45:00+05:30,82.86,82.86,82.86,82.86,0
2025-09-22 12:50:00+05:30,82.86,82.86,82.79,82.79,50
2025-09-22 13:00:00+05:30,82.79,82.79,82.79,82.79,0
2025-09-22 13:05:00+05:30,82.79,82.79,82.79,82.79,0
2025-09-22 13:10:00+05:30,82.79,82.79,82.75,82.75,60
2025-09-22 13:15:00+05:30,82.75,82.75,82.5,82.5,110
2025-09-22 13:20:00+05:30,82.5,82.5,82.5,82.5,0
2025-09-22 13:25:00+05:30,82.95,82.95,82.95,82.95,500
2025-09-22 13:30:00+05:30,82.92,82.92,82.92,82.92,15
2025-09-22 13:35:00+05:30,82.92,82.92,82.92,82.92,166
2025-09-22 13:50:00+05:30,82.22,82.22,82.22,82.22,120
2025-09-22 13:55:00+05:30,82.22,82.73,82.22,82.73,101
2025-09-22 14:00:00+05:30,82.73,82.73,82.73,82.73,0
2025-09-22 14:05:00+05:30,82.73,82.73,82.73,82.73,0
2025-09-22 14:10:00+05:30,82.73,82.73,82.73,82.73,0
2025-09-22 14:15:00+05:30,82.73,82.73,82.73,82.73,0
2025-09-22 14:20:00+05:30,82.73,82.92,82.52,82.52,30
2025-09-22 14:25:00+05:30,82.52,82.52,82.52,82.52,0
2025-09-22 14:30:00+05:30,82.52,82.52,82.49,82.49,74
2025-09-22 14:35:00+05:30,82.49,82.5,82.49,82.5,117
2025-09-22 14:40:00+05:30,82.4,82.4,82.2,82.36,372
2025-09-22 14:45:00+05:30,82.36,82.36,81.9,82.0,2100
2025-09-22 14:50:00+05:30,82.0,82.0,81.6,81.6,60
2025-09-22 14:55:00+05:30,81.6,81.6,81.6,81.6,0
2025-09-22 15:00:00+05:30,81.6,82.39,81.6,81.73,73
2025-09-22 15:05:00+05:30,81.73,81.73,81.7,81.7,100
2025-09-22 15:10:00+05:30,81.7,82.39,81.7,82.39,25
2025-09-22 15:15:00+05:30,81.73,81.73,81.73,81.73,90
2025-09-22 15:20:00+05:30,81.73,82.4,81.73,81.73,652
2025-09-22 15:25:00+05:30,81.73,82.29,81.5,81.5,1686
2025-09-23 09:15:00+05:30,82.9,82.9,82.9,82.9,0
2025-09-23 09:20:00+05:30,82.35,82.39,82.28,82.39,215
2025-09-23 09:25:00+05:30,82.39,82.39,82.39,82.39,0
2025-09-23 09:30:00+05:30,82.39,82.43,82.39,82.43,8
2025-09-23 09:35:00+05:30,82.43,82.43,82.04,82.04,368
2025-09-23 09:40:00+05:30,82.04,82.04,81.91,81.91,22
2025-09-23 09:45:00+05:30,81.91,81.91,81.66,81.66,146
2025-09-23 09:50:00+05:30,81.66,81.66,81.55,81.55,51
2025-09-23 09:55:00+05:30,81.55,81.63,81.55,81.63,26
2025-09-23 10:00:00+05:30,81.63,81.65,81.63,81.65,15
2025-09-23 10:05:00+05:30,81.65,81.65,81.65,81.65,0
2025-09-23 10:10:00+05:30,82.59,82.59,82.11,82.11,552
2025-09-23 10:15:00+05:30,82.11,82.59,82.11,82.59,50
2025-09-23 10:20:00+05:30,82.59,82.59,82.59,82.59,3
2025-09-23 10:25:00+05:30,82.59,82.59,82.59,82.59,0
2025-09-23 10:30:00+05:30,82.59,82.59,81.96,81.96,21
2025-09-23 10:35:00+05:30,81.96,82.4,81.96,82.4,31
2025-09-23 10:40:00+05:30,82.4,82.4,82.4,82.4,0
2025-09-23 10:45:00+05:30,82.4,82.4,82.4,82.4,649
2025-09-23 10:50:00+05:30,82.4,82.4,82.4,82.4,0
2025-09-23 10:55:00+05:30,82.4,82.4,82.4,82.4,0
2025-09-23 11:00:00+05:30,82.0,82.0,81.79,81.79,1403
2025-09-23 11:05:00+05:30,81.79,81.79,81.79,81.79,0
2025-09-23 11:10:00+05:30,81.79,81.79,81.79,81.79,0
2025-09-23 11:15:00+05:30,81.79,81.79,81.79,81.79,0
2025-09-23 11:20:00+05:30,81.79,81.83,81.79,81.8,30
2025-09-23 11:25:00+05:30,81.8,81.87,81.67,81.83,37
2025-09-23 11:30:00+05:30,81.83,81.83,81.78,81.78,11
2025-09-23 11:35:00+05:30,81.78,81.78,81.78,81.78,0
2025-09-23 11:40:00+05:30,81.78,81.78,81.78,81.78,0
2025-09-23 11:45:00+05:30,81.78,81.78,81.78,81.78,0
2025-09-23 11:50:00+05:30,81.78,81.78,81.78,81.78,0
2025-09-23 11:55:00+05:30,81.78,82.0,81.78,82.0,250
2025-09-23 12:00:00+05:30,82.0,82.0,82.0,82.0,0
2025-09-23 12:05:00+05:30,82.0,82.0,81.8,81.8,68
2025-09-23 12:10:00+05:30,81.8,81.8,81.8,81.8,284
2025-09-23 12:15:00+05:30,81.8,81.8,81.78,81.78,31
2025-09-23 12:20:00+05:30,81.78,81.78,81.78,81.78,0
2025-09-23 12:25:00+05:30,81.78,81.78,81.78,81.78,0
2025-09-23 12:30:00+05:30,81.78,81.78,81.78,81.78,0
2025-09-23 12:35:00+05:30,81.78,81.78,81.78,81.78,0
2025-09-23 12:40:00+05:30,81.78,81.78,81.78,81.78,0
2025-09-23 12:45:00+05:30,81.51,81.51,81.51,81.51,200
2025-09-23 12:50:00+05:30,81.78,81.78,81.78,81.78,50
2025-09-23 12:55:00+05:30,81.78,81.78,81.78,81.78,0
2025-09-23 13:00:00+05:30,81.78,81.78,81.78,81.78,0
2025-09-23 13:05:00+05:30,81.78,81.78,81.78,81.78,282
2025-09-23 13:10:00+05:30,81.78,81.78,81.78,81.78,0
2025-09-23 13:15:00+05:30,81.78,81.78,81.78,81.78,0
2025-09-23 13:20:00+05:30,81.78,81.78,81.78,81.78,0
2025-09-23 13:25:00+05:30,81.78,81.78,81.78,81.78,0
2025-09-23 13:30:00+05:30,81.78,81.78,81.78,81.78,0
2025-09-23 13:35:00+05:30,81.78,81.78,81.78,81.78,0
2025-09-23 13:40:00+05:30,81.78,81.85,81.78,81.85,131
2025-09-23 13:45:00+05:30,81.85,81.85,81.85,81.85,0
2025-09-23 13:50:00+05:30,81.85,81.85,80.99,81.0,4586
2025-09-23 13:55:00+05:30,81.0,81.0,79.8,80.11,3074
2025-09-23 14:00:00+05:30,80.11,80.21,80.11,80.21,3
2025-09-23 14:05:00+05:30,80.21,80.21,80.21,80.21,0
2025-09-23 14:10:00+05:30,80.21,80.23,80.21,80.23,95
2025-09-23 14:15:00+05:30,80.23,80.23,80.23,80.23,0
2025-09-23 14:20:00+05:30,80.24,80.24,80.24,80.24,110
2025-09-23 14:25:00+05:30,80.24,80.24,80.24,80.24,0
2025-09-23 14:30:00+05:30,80.24,80.24,80.24,80.24,0
2025-09-23 14:35:00+05:30,80.31,80.8,80.31,80.79,1093
2025-09-23 14:40:00+05:30,80.79,80.79,80.67,80.67,102
2025-09-23 14:45:00+05:30,80.67,80.67,80.3,80.3,187
2025-09-23 14:50:00+05:30,80.3,80.3,80.3,80.3,0
2025-09-23 14:55:00+05:30,80.3,80.3,80.3,80.3,35
2025-09-23 15:00:00+05:30,80.3,80.79,80.3,80.79,52
2025-09-23 15:05:00+05:30,80.26,80.79,80.26,80.26,153
2025-09-23 15:10:00+05:30,80.26,80.26,80.26,80.26,0
2025-09-23 15:15:00+05:30,80.26,80.26,80.26,80.26,0
2025-09-23 15:20:00+05:30,80.26,80.27,80.26,80.26,439
2025-09-23 15:25:00+05:30,80.26,81.2,80.0,81.2,2167
2025-09-24 09:20:00+05:30,81.0,81.19,80.87,81.19,77
2025-09-24 09:25:00+05:30,81.19,81.19,81.19,81.19,0
2025-09-24 09:30:00+05:30,81.19,81.19,80.55,80.56,129
2025-09-24 09:35:00+05:30,80.56,81.09,80.56,81.09,14
2025-09-24 09:40:00+05:30,81.09,81.45,81.09,81.45,775
2025-09-24 09:45:00+05:30,81.45,82.25,81.45,82.25,2476
2025-09-24 09:50:00+05:30,82.5,84.64,82.01,83.45,5933
2025-09-24 09:55:00+05:30,83.45,84.5,83.0,83.35,1190
2025-09-24 10:00:00+05:30,83.35,85.0,83.0,84.99,6155
2025-09-24 10:05:00+05:30,84.99,87.49,84.99,86.4,9235
2025-09-24 10:10:00+05:30,86.4,88.9,86.36,87.54,16861
2025-09-24 10:15:00+05:30,87.54,87.54,85.28,85.82,8584
2025-09-24 10:20:00+05:30,85.82,87.58,85.82,87.35,7081
2025-09-24 10:25:00+05:30,87.35,87.35,86.02,86.05,8032
2025-09-24 10:30:00+05:30,86.05,86.64,85.95,85.95,1037
2025-09-24 10:35:00+05:30,85.9,86.64,85.9,86.63,3810
2025-09-24 10:40:00+05:30,86.4,87.0,86.35,86.91,1843
2025-09-24 10:45:00+05:30,86.91,86.91,85.79,85.79,700
2025-09-24 10:50:00+05:30,85.79,85.79,85.28,85.73,214
2025-09-24 10:55:00+05:30,85.73,85.73,85.43,85.43,237
2025-09-24 11:00:00+05:30,85.43,85.43,85.05,85.14,214
2025-09-24 11:05:00+05:30,85.14,85.39,84.8,84.96,1022
2025-09-24 11:10:00+05:30,84.96,84.96,84.65,84.65,1
2025-09-24 11:15:00+05:30,84.65,85.79,84.65,84.65,1000
2025-09-24 11:20:00+05:30,84.65,84.72,84.65,84.72,62
2025-09-24 11:25:00+05:30,84.72,85.39,84.72,84.9,1156
2025-09-24 11:30:00+05:30,84.9,85.02,84.9,85.02,62
2025-09-24 11:35:00+05:30,85.02,85.32,85.0,85.0,556
2025-09-24 11:40:00+05:30,85.0,85.0,85.0,85.0,1985
2025-09-24 11:45:00+05:30,85.0,85.0,84.66,84.66,161
2025-09-24 11:50:00+05:30,84.66,84.9,84.66,84.9,201
2025-09-24 11:55:00+05:30,84.9,84.9,84.9,84.9,0
2025-09-24 12:00:00+05:30,84.9,84.9,84.87,84.87,10
2025-09-24 12:05:00+05:30,84.87,84.87,84.87,84.87,0
2025-09-24 12:10:00+05:30,84.87,84.87,84.85,84.85,12
2025-09-24 12:15:00+05:30,84.85,84.9,84.85,84.9,86
2025-09-24 12:20:00+05:30,84.9,84.9,84.41,84.41,234
2025-09-24 12:25:00+05:30,84.41,84.41,84.25,84.25,150
2025-09-24 12:30:00+05:30,84.25,84.34,84.25,84.34,25
2025-09-24 12:35:00+05:30,84.38,84.38,84.38,84.38,100
2025-09-24 12:40:00+05:30,84.38,85.05,84.38,84.65,315
2025-09-24 12:45:00+05:30,84.65,84.96,84.57,84.57,42
2025-09-24 12:50:00+05:30,84.57,84.57,84.57,84.57,20
2025-09-24 12:55:00+05:30,84.57,84.57,84.57,84.57,0
2025-09-24 13:00:00+05:30,84.57,84.57,84.57,84.57,0
2025-09-24 13:05:00+05:30,84.93,84.93,84.93,84.93,4
2025-09-24 13:10:00+05:30,84.93,84.93,84.93,84.93,0
2025-09-24 13:15:00+05:30,84.93,84.93,84.51,84.51,1000
2025-09-24 13:20:00+05:30,84.55,84.89,84.55,84.55,8
2025-09-24 13:25:00+05:30,84.55,84.55,84.55,84.55,9
2025-09-24 13:30:00+05:30,84.55,84.96,84.55,84.96,364
2025-09-24 13:35:00+05:30,85.6,85.6,85.36,85.56,652
2025-09-24 13:40:00+05:30,85.56,85.56,85.45,85.45,11
2025-09-24 13:45:00+05:30,85.45,86.0,85.45,86.0,500
2025-09-24 13:50:00+05:30,86.0,86.0,85.99,85.99,451
2025-09-24 13:55:00+05:30,85.99,85.99,85.1,85.53,564
2025-09-24 14:00:00+05:30,85.53,85.89,85.53,85.89,868
2025-09-24 14:05:00+05:30,85.89,85.89,85.23,85.23,218
2025-09-24 14:10:00+05:30,85.23,85.23,85.23,85.23,0
2025-09-24 14:15:00+05:30,85.2,85.39,85.01,85.01,1225
2025-09-24 14:20:00+05:30,85.01,85.01,85.01,85.01,0
2025-09-24 14:25:00+05:30,85.01,85.01,85.01,85.01,0
2025-09-24 14:30:00+05:30,85.1,85.1,85.1,85.1,1
2025-09-24 14:35:00+05:30,85.1,85.78,85.1,85.78,826
2025-09-24 14:40:00+05:30,85.78,85.78,85.44,85.44,1
2025-09-24 14:45:00+05:30,85.44,85.44,85.01,85.01,500
2025-09-24 14:50:00+05:30,85.01,85.01,85.01,85.01,299
2025-09-24 14:55:00+05:30,85.01,85.01,85.01,85.01,0
2025-09-24 15:00:00+05:30,85.01,85.38,85.01,85.25,371
2025-09-24 15:05:00+05:30,85.09,85.27,85.02,85.05,542
2025-09-24 15:10:00+05:30,85.02,86.0,85.02,85.95,1848
2025-09-24 15:15:00+05:30,85.95,85.95,85.01,85.01,4741
2025-09-24 15:20:00+05:30,85.01,85.01,84.81,84.82,4071
2025-09-24 15:25:00+05:30,84.82,85.5,84.71,84.8,3974
2025-09-25 09:15:00+05:30,85.0,87.84,85.0,86.9,4740
2025-09-25 09:20:00+05:30,86.9,87.5,86.9,87.37,1103
2025-09-25 09:25:00+05:30,87.19,87.5,87.0,87.0,4141
2025-09-25 09:30:00+05:30,87.0,87.0,86.26,86.56,977
2025-09-25 09:35:00+05:30,86.56,86.73,86.56,86.73,1395
2025-09-25 09:40:00+05:30,86.73,86.76,86.73,86.74,364
2025-09-25 09:45:00+05:30,86.79,86.79,86.73,86.73,594
2025-09-25 09:50:00+05:30,86.73,86.73,85.12,85.12,3297
2025-09-25 09:55:00+05:30,85.12,86.9,85.12,86.9,3057
2025-09-25 10:00:00+05:30,86.9,86.9,85.66,86.78,3295
2025-09-25 10:05:00+05:30,86.78,86.78,86.76,86.76,11
2025-09-25 10:10:00+05:30,86.76,86.76,86.76,86.76,0
2025-09-25 10:15:00+05:30,86.76,86.76,86.76,86.76,0
2025-09-25 10:20:00+05:30,86.76,86.76,86.1,86.1,65
2025-09-25 10:25:00+05:30,86.1,86.1,86.0,86.0,473
2025-09-25 10:30:00+05:30,86.0,86.31,86.0,86.31,448
2025-09-25 10:35:00+05:30,86.31,86.31,86.0,86.01,540
2025-09-25 10:40:00+05:30,86.01,86.01,86.01,86.01,149
2025-09-25 10:45:00+05:30,86.01,87.02,86.0,86.8,2976
2025-09-25 10:50:00+05:30,86.8,86.8,86.8,86.8,0
2025-09-25 10:55:00+05:30,86.8,86.8,86.8,86.8,0
2025-09-25 11:00:00+05:30,86.8,86.8,86.8,86.8,0
2025-09-25 11:05:00+05:30,86.8,86.8,86.24,86.24,252
2025-09-25 11:10:00+05:30,86.24,86.69,86.24,86.69,8
2025-09-25 11:15:00+05:30,86.69,86.69,86.44,86.44,180
2025-09-25 11:20:00+05:30,86.44,87.01,86.44,87.01,1546
2025-09-25 11:25:00+05:30,87.01,87.5,86.67,87.5,6024
2025-09-25 11:30:00+05:30,87.5,88.25,87.1,88.0,11980
2025-09-25 11:35:00+05:30,88.0,88.01,88.0,88.0,343
2025-09-25 11:40:00+05:30,88.0,88.0,85.92,86.78,3939
2025-09-25 11:45:00+05:30,86.78,86.96,86.21,86.44,767
2025-09-25 11:50:00+05:30,86.44,86.88,86.44,86.5,196
2025-09-25 11:55:00+05:30,86.5,86.5,86.49,86.49,3
2025-09-25 12:00:00+05:30,86.49,86.49,86.49,86.49,0
2025-09-25 12:05:00+05:30,86.49,86.59,86.31,86.31,123
2025-09-25 12:10:00+05:30,86.31,86.5,86.31,86.5,75
2025-09-25 12:15:00+05:30,86.5,86.5,86.5,86.5,0
2025-09-25 12:20:00+05:30,86.5,86.5,86.05,86.07,66
2025-09-25 12:25:00+05:30,86.07,86.5,86.07,86.5,51
2025-09-25 12:30:00+05:30,86.5,86.5,86.5,86.5,0
2025-09-25 12:35:00+05:30,86.5,86.53,86.5,86.53,6
2025-09-25 12:40:00+05:30,86.53,86.53,86.53,86.53,0
2025-09-25 12:45:00+05:30,86.53,86.53,86.53,86.53,0
2025-09-25 12:50:00+05:30,86.53,86.53,86.53,86.53,0
2025-09-25 12:55:00+05:30,86.53,86.53,86.53,86.53,0
2025-09-25 13:00:00+05:30,86.53,87.0,86.53,87.0,2979
2025-09-25 13:05:00+05:30,87.0,87.0,87.0,87.0,0
2025-09-25 13:10:00+05:30,86.62,86.75,86.62,86.75,154
2025-09-25 13:15:00+05:30,86.75,87.19,86.75,87.19,390
2025-09-25 13:20:00+05:30,87.19,87.19,86.53,86.74,19
2025-09-25 13:25:00+05:30,86.74,86.9,86.48,86.9,488
2025-09-25 13:30:00+05:30,86.9,86.9,86.16,86.19,253
2025-09-25 13:35:00+05:30,86.19,86.19,86.19,86.19,0
2025-09-25 13:40:00+05:30,86.19,86.19,86.19,86.19,0
2025-09-25 13:45:00+05:30,86.19,86.19,86.19,86.19,0
2025-09-25 13:50:00+05:30,86.19,86.19,86.19,86.19,0
2025-09-25 13:55:00+05:30,86.19,86.19,86.19,86.19,0
2025-09-25 14:00:00+05:30,86.19,86.39,86.19,86.39,1008
2025-09-25 14:05:00+05:30,86.39,86.39,86.39,86.39,215
2025-09-25 14:10:00+05:30,86.39,86.39,86.39,86.39,0
2025-09-25 14:15:00+05:30,86.39,86.49,86.39,86.49,172
2025-09-25 14:20:00+05:30,86.49,86.49,86.19,86.19,243
2025-09-25 14:25:00+05:30,86.19,86.19,86.19,86.19,0
2025-09-25 14:30:00+05:30,86.3,86.33,86.3,86.33,31
2025-09-25 14:35:00+05:30,86.48,86.48,86.21,86.45,111
2025-09-25 14:40:00+05:30,86.45,86.45,86.19,86.19,860
2025-09-25 14:45:00+05:30,86.19,86.36,86.19,86.36,50
2025-09-25 14:50:00+05:30,86.36,86.36,86.36,86.36,0
2025-09-25 14:55:00+05:30,86.36,86.36,86.0,86.19,457
2025-09-25 15:00:00+05:30,86.19,86.32,86.02,86.04,501
2025-09-25 15:05:00+05:30,86.04,86.18,85.51,85.51,1213
2025-09-25 15:10:00+05:30,85.51,85.55,85.51,85.55,25
2025-09-25 15:15:00+05:30,85.55,85.96,85.55,85.96,41
2025-09-25 15:20:00+05:30,85.96,85.96,85.56,85.96,101
2025-09-25 15:25:00+05:30,85.96,86.5,85.65,86.5,1290
2025-09-26 09:15:00+05:30,86.74,89.9,86.73,88.99,7683
2025-09-26 09:20:00+05:30,88.28,88.35,87.83,88.25,1476
2025-09-26 09:25:00+05:30,88.25,90.0,88.0,88.0,14206
2025-09-26 09:30:00+05:30,88.0,88.29,87.5,87.66,2677
2025-09-26 09:35:00+05:30,87.66,87.66,86.61,87.17,3679
2025-09-26 09:40:00+05:30,87.17,87.23,86.81,87.23,554
2025-09-26 09:45:00+05:30,87.23,87.3,87.15,87.15,66
2025-09-26 09:50:00+05:30,87.15,87.21,87.06,87.12,57
2025-09-26 09:55:00+05:30,87.12,87.21,86.75,87.05,1362
2025-09-26 10:00:00+05:30,87.05,87.16,87.0,87.0,307
2025-09-26 10:05:00+05:30,87.0,87.0,86.97,86.97,274
2025-09-26 10:10:00+05:30,86.97,87.0,86.97,87.0,166
2025-09-26 10:15:00+05:30,87.0,87.0,87.0,87.0,0
2025-09-26 10:20:00+05:30,87.0,87.18,86.91,87.18,1035
2025-09-26 10:25:00+05:30,87.18,87.18,86.91,86.91,430
2025-09-26 10:30:00+05:30,86.91,87.0,86.91,87.0,11
2025-09-26 10:35:00+05:30,87.0,87.32,87.0,87.15,292
2025-09-26 10:40:00+05:30,87.15,87.15,87.1,87.1,50
2025-09-26 10:45:00+05:30,87.1,87.1,87.0,87.0,288
2025-09-26 10:50:00+05:30,87.0,87.11,87.0,87.05,1704
2025-09-26 10:55:00+05:30,87.05,87.25,87.05,87.09,392
2025-09-26 11:00:00+05:30,87.09,87.09,87.01,87.01,100
2025-09-26 11:05:00+05:30,87.01,87.18,87.01,87.02,239
2025-09-26 11:10:00+05:30,87.02,87.02,87.02,87.02,25
2025-09-26 11:15:00+05:30,87.02,87.02,87.02,87.02,0
2025-09-26 11:20:00+05:30,87.02,87.15,87.02,87.15,340
2025-09-26 11:25:00+05:30,87.15,87.15,87.06,87.06,3
2025-09-26 11:30:00+05:30,87.06,87.06,87.05,87.05,20
2025-09-26 11:35:00+05:30,87.05,87.05,87.05,87.05,15
2025-09-26 11:40:00+05:30,87.05,87.06,86.22,86.22,2561
2025-09-26 11:45:00+05:30,86.22,86.57,86.22,86.57,30
2025-09-26 11:50:00+05:30,86.57,86.57,86.35,86.35,50
2025-09-26 11:55:00+05:30,86.35,86.35,86.35,86.35,20
2025-09-26 12:00:00+05:30,86.35,86.41,86.22,86.22,252
2025-09-26 12:05:00+05:30,86.22,86.22,85.24,85.24,599
2025-09-26 12:10:00+05:30,85.24,85.59,85.24,85.59,75
2025-09-26 12:15:00+05:30,85.59,85.59,85.4,85.4,10
2025-09-26 12:20:00+05:30,85.4,86.18,85.4,85.83,139
2025-09-26 12:25:00+05:30,85.83,85.85,85.83,85.85,13
2025-09-26 12:30:00+05:30,85.85,86.5,85.85,86.5,151
2025-09-26 12:35:00+05:30,86.5,86.5,86.5,86.5,0
2025-09-26 12:40:00+05:30,86.5,86.5,86.5,86.5,0
2025-09-26 12:45:00+05:30,86.5,86.5,86.2,86.2,2
2025-09-26 12:50:00+05:30,86.2,86.49,86.2,86.49,250
2025-09-26 12:55:00+05:30,86.49,86.49,86.47,86.47,10
2025-09-26 13:00:00+05:30,86.47,86.47,86.1,86.1,51
2025-09-26 13:05:00+05:30,86.1,86.1,86.1,86.1,0
2025-09-26 13:10:00+05:30,86.1,86.1,85.4,85.4,1706
2025-09-26 13:15:00+05:30,85.4,85.71,85.4,85.71,215
2025-09-26 13:20:00+05:30,85.75,86.18,85.75,86.18,110
2025-09-26 13:25:00+05:30,86.18,86.18,86.18,86.18,0
2025-09-26 13:30:00+05:30,86.18,86.18,86.18,86.18,0
2025-09-26 13:35:00+05:30,86.18,86.18,85.97,85.97,25
2025-09-26 13:40:00+05:30,85.97,85.97,85.75,85.75,10
2025-09-26 13:45:00+05:30,85.75,85.94,85.75,85.94,11
2025-09-26 13:50:00+05:30,85.94,86.18,85.94,86.18,268
2025-09-26 13:55:00+05:30,86.18,86.57,86.18,86.57,359
2025-09-26 14:00:00+05:30,86.57,86.57,85.88,85.88,896
2025-09-26 14:05:00+05:30,85.88,85.88,85.88,85.88,0
2025-09-26 14:10:00+05:30,85.88,85.88,85.88,85.88,0
2025-09-26 14:15:00+05:30,85.88,85.88,85.2,85.45,824
2025-09-26 14:20:00+05:30,85.45,86.5,85.45,85.97,1114
2025-09-26 14:25:00+05:30,85.97,85.97,85.97,85.97,0
2025-09-26 14:30:00+05:30,85.97,85.97,85.97,85.97,0
2025-09-26 14:35:00+05:30,85.97,86.13,85.97,85.97,172
2025-09-26 14:40:00+05:30,85.97,86.25,85.97,86.0,113
2025-09-26 14:45:00+05:30,86.0,86.11,85.97,85.97,587
2025-09-26 14:50:00+05:30,85.97,86.08,85.92,85.92,615
2025-09-26 14:55:00+05:30,86.0,86.0,85.69,85.73,532
2025-09-26 15:00:00+05:30,85.73,85.97,85.48,85.63,657
2025-09-26 15:05:00+05:30,85.63,85.86,85.63,85.86,61
2025-09-26 15:10:00+05:30,85.86,86.0,85.56,86.0,958
2025-09-26 15:15:00+05:30,86.0,86.4,86.0,86.4,1198
2025-09-26 15:20:00+05:30,86.4,86.4,86.4,86.4,1
2025-09-26 15:25:00+05:30,86.4,86.4,85.9,86.4,2046
2025-09-29 09:15:00+05:30,86.26,89.9,86.26,89.9,4035
2025-09-29 09:20:00+05:30,89.9,89.9,88.02,88.65,1490
2025-09-29 09:25:00+05:30,88.65,88.65,87.55,87.55,842
2025-09-29 09:30:00+05:30,87.55,87.99,87.55,87.99,5521
2025-09-29 09:35:00+05:30,87.41,89.9,86.6,89.8,19889
2025-09-29 09:40:00+05:30,89.8,89.8,88.87,89.18,6776
2025-09-29 09:45:00+05:30,89.25,90.25,89.25,89.99,10223
2025-09-29 09:50:00+05:30,89.99,91.0,89.99,90.0,5948
2025-09-29 09:55:00+05:30,90.0,90.66,89.5,89.94,6274
2025-09-29 10:00:00+05:30,89.94,89.95,89.56,89.95,76
2025-09-29 10:05:00+05:30,89.41,90.19,88.91,89.73,4353
2025-09-29 10:10:00+05:30,89.73,89.73,89.69,89.7,676
2025-09-29 10:15:00+05:30,89.7,89.7,89.68,89.7,3
2025-09-29 10:20:00+05:30,89.7,90.29,89.51,89.51,1752
2025-09-29 10:25:00+05:30,89.51,89.51,89.23,89.23,8
2025-09-29 10:30:00+05:30,89.23,89.99,88.16,89.99,4260
2025-09-29 10:35:00+05:30,89.99,89.99,89.52,89.73,499
2025-09-29 10:40:00+05:30,89.73,89.73,89.25,89.25,597
2025-09-29 10:45:00+05:30,89.25,89.98,89.1,89.98,1221
2025-09-29 10:50:00+05:30,89.9,89.98,89.23,89.79,1025
2025-09-29 10:55:00+05:30,89.79,89.8,89.12,89.12,1611
2025-09-29 11:00:00+05:30,89.36,89.36,89.36,89.36,29
2025-09-29 11:05:00+05:30,89.36,89.5,89.36,89.5,161
2025-09-29 11:10:00+05:30,89.5,89.5,89.01,89.01,1558
2025-09-29 11:15:00+05:30,89.01,89.45,89.01,89.45,43
2025-09-29 11:20:00+05:30,89.45,89.8,89.45,89.8,1749
2025-09-29 11:25:00+05:30,89.8,89.8,89.6,89.6,63
2025-09-29 11:30:00+05:30,89.6,89.75,89.6,89.75,70
2025-09-29 11:35:00+05:30,89.75,89.75,88.11,88.11,5160
2025-09-29 11:40:00+05:30,88.11,88.41,88.11,88.38,14
2025-09-29 11:45:00+05:30,88.38,88.63,88.28,88.47,158
2025-09-29 11:50:00+05:30,88.47,88.99,88.22,88.99,238
2025-09-29 11:55:00+05:30,88.99,88.99,88.99,88.99,240
2025-09-29 12:00:00+05:30,88.99,88.99,88.99,88.99,0
2025-09-29 12:05:00+05:30,88.99,88.99,88.32,88.32,400
2025-09-29 12:10:00+05:30,88.32,88.53,88.12,88.12,2
2025-09-29 12:15:00+05:30,88.43,88.43,88.14,88.14,208
2025-09-29 12:20:00+05:30,88.14,88.14,88.14,88.14,0
2025-09-29 12:25:00+05:30,88.14,88.14,88.14,88.14,0
2025-09-29 12:30:00+05:30,88.14,88.14,88.14,88.14,0
2025-09-29 12:35:00+05:30,88.14,88.14,88.14,88.14,0
2025-09-29 12:40:00+05:30,88.14,88.55,88.01,88.01,1003
2025-09-29 12:45:00+05:30,88.01,88.88,88.01,88.65,268
2025-09-29 12:50:00+05:30,88.65,88.65,88.65,88.65,0
2025-09-29 12:55:00+05:30,88.65,88.65,88.53,88.55,12
2025-09-29 13:00:00+05:30,88.52,88.52,88.49,88.49,23
2025-09-29 13:05:00+05:30,88.49,88.49,88.0,88.0,1544
2025-09-29 13:10:00+05:30,88.0,88.02,87.85,88.02,527
2025-09-29 13:15:00+05:30,88.02,88.02,88.02,88.02,0
2025-09-29 13:20:00+05:30,88.02,88.04,87.56,87.56,581
2025-09-29 13:25:00+05:30,87.56,88.11,87.56,88.11,15
2025-09-29 13:30:00+05:30,88.11,88.11,87.99,87.99,100
2025-09-29 13:35:00+05:30,87.99,87.99,87.99,87.99,101
2025-09-29 13:40:00+05:30,87.99,87.99,87.99,87.99,0
2025-09-29 13:45:00+05:30,87.99,88.17,87.99,88.17,16
2025-09-29 13:50:00+05:30,88.17,88.17,88.0,88.0,228
2025-09-29 13:55:00+05:30,88.0,88.01,88.0,88.01,101
2025-09-29 14:00:00+05:30,88.01,88.29,88.01,88.29,1026
2025-09-29 14:05:00+05:30,88.29,88.29,88.29,88.29,0
2025-09-29 14:10:00+05:30,88.29,88.39,88.29,88.39,100
2025-09-29 14:15:00+05:30,88.39,88.39,88.06,88.06,1000
2025-09-29 14:20:00+05:30,88.39,88.39,88.39,88.39,2
2025-09-29 14:25:00+05:30,88.39,88.39,88.39,88.39,0
2025-09-29 14:30:00+05:30,88.39,88.39,88.04,88.04,100
2025-09-29 14:35:00+05:30,88.04,88.3,88.04,88.3,176
2025-09-29 14:40:00+05:30,88.3,88.3,88.06,88.24,101
2025-09-29 14:45:00+05:30,88.24,88.24,87.34,87.5,1316
2025-09-29 14:50:00+05:30,87.5,87.8,87.4,87.44,636
2025-09-29 14:55:00+05:30,87.44,87.79,87.41,87.56,648
2025-09-29 15:00:00+05:30,87.56,87.6,87.56,87.6,157
2025-09-29 15:05:00+05:30,87.6,87.64,87.6,87.64,68
2025-09-29 15:10:00+05:30,87.64,89.78,87.64,88.04,15002
2025-09-29 15:15:00+05:30,88.04,89.75,88.04,89.2,1514
2025-09-29 15:20:00+05:30,89.2,89.75,87.82,88.55,2891
2025-09-29 15:25:00+05:30,88.9,88.99,88.5,88.6,957
2025-09-30 09:15:00+05:30,87.49,88.5,87.49,87.9,2383
2025-09-30 09:20:00+05:30,87.5,88.23,87.5,88.18,1892
2025-09-30 09:25:00+05:30,88.23,88.33,88.0,88.31,2335
2025-09-30 09:30:00+05:30,88.3,88.3,88.0,88.0,3256
2025-09-30 09:35:00+05:30,88.0,88.5,88.0,88.32,366
2025-09-30 09:40:00+05:30,88.32,88.89,88.32,88.85,336
2025-09-30 09:45:00+05:30,88.85,88.85,88.62,88.62,328
2025-09-30 09:50:00+05:30,88.62,88.89,88.5,88.88,1992
2025-09-30 09:55:00+05:30,88.88,88.88,88.86,88.86,351
2025-09-30 10:00:00+05:30,88.86,91.4,88.8,90.99,20027
2025-09-30 10:05:00+05:30,90.99,90.99,90.1,90.57,1536
2025-09-30 10:10:00+05:30,90.98,90.98,90.71,90.71,649
2025-09-30 10:15:00+05:30,90.71,90.71,90.35,90.69,1716
2025-09-30 10:20:00+05:30,90.69,90.69,90.1,90.1,1458
2025-09-30 10:25:00+05:30,90.1,90.2,90.1,90.2,711
2025-09-30 10:30:00+05:30,90.15,90.44,90.1,90.1,1617
2025-09-30 10:35:00+05:30,90.1,90.35,90.1,90.1,483
2025-09-30 10:40:00+05:30,90.1,90.29,89.71,90.29,5406
2025-09-30 10:45:00+05:30,90.29,90.29,90.2,90.2,50
2025-09-30 10:50:00+05:30,90.2,90.2,90.2,90.2,0
2025-09-30 10:55:00+05:30,90.2,90.66,90.2,90.66,1208
2025-09-30 11:00:00+05:30,90.66,90.93,90.66,90.8,390
2025-09-30 11:05:00+05:30,90.8,90.8,90.71,90.75,445
2025-09-30 11:10:00+05:30,90.75,93.0,90.75,92.5,29104
2025-09-30 11:15:00+05:30,92.5,95.0,92.02,95.0,44713
2025-09-30 11:20:00+05:30,95.0,97.71,94.0,97.0,63546
2025-09-30 11:25:00+05:30,96.73,99.0,96.73,97.5,51360
2025-09-30 11:30:00+05:30,97.5,98.0,96.2,96.34,25324
2025-09-30 11:35:00+05:30,96.6,97.8,96.1,97.16,7845
2025-09-30 11:40:00+05:30,97.16,99.0,97.16,98.1,17148
2025-09-30 11:45:00+05:30,98.1,98.58,97.49,97.72,12118
2025-09-30 11:50:00+05:30,97.72,102.39,97.15,102.1,90096
2025-09-30 11:55:00+05:30,102.4,103.5,100.16,102.65,102167
2025-09-30 12:00:00+05:30,102.61,104.2,102.06,103.5,59772
2025-09-30 12:05:00+05:30,103.48,103.82,103.03,103.44,16242
2025-09-30 12:10:00+05:30,103.39,103.69,102.25,102.51,25223
2025-09-30 12:15:00+05:30,102.51,102.7,102.06,102.52,15543
2025-09-30 12:20:00+05:30,102.68,103.69,102.56,103.5,25265
2025-09-30 12:25:00+05:30,103.5,103.59,103.0,103.12,7521
2025-09-30 12:30:00+05:30,103.24,103.32,102.81,103.14,14318
2025-09-30 12:35:00+05:30,103.14,103.18,102.6,102.91,4247
2025-09-30 12:40:00+05:30,102.91,103.1,102.06,103.1,11592
2025-09-30 12:45:00+05:30,103.1,103.32,102.72,103.21,8766
2025-09-30 12:50:00+05:30,102.86,103.22,102.61,102.8,7212
2025-09-30 12:55:00+05:30,103.0,103.0,102.06,102.5,21436
2025-09-30 13:00:00+05:30,102.5,103.14,102.08,102.68,22933
2025-09-30 13:05:00+05:30,102.68,103.14,102.52,102.93,11438
2025-09-30 13:10:00+05:30,102.93,102.93,100.3,102.31,29361
2025-09-30 13:15:00+05:30,102.31,102.31,100.72,101.42,4571
2025-09-30 13:20:00+05:30,101.42,101.85,100.83,100.95,4320
2025-09-30 13:25:00+05:30,100.95,101.32,100.25,101.01,11316
2025-09-30 13:30:00+05:30,101.01,101.99,100.79,101.99,5394
2025-09-30 13:35:00+05:30,101.99,102.13,101.21,101.71,3978
2025-09-30 13:40:00+05:30,101.71,102.0,101.0,101.89,3050
2025-09-30 13:45:00+05:30,101.89,101.89,101.52,101.85,1381
2025-09-30 13:50:00+05:30,101.85,102.0,101.73,101.9,5237
2025-09-30 13:55:00+05:30,101.9,102.79,101.5,102.55,8935
2025-09-30 14:00:00+05:30,102.8,102.84,102.38,102.38,4770
2025-09-30 14:05:00+05:30,102.31,102.49,102.0,102.42,7423
2025-09-30 14:10:00+05:30,102.42,102.42,101.8,101.8,26158
2025-09-30 14:15:00+05:30,101.5,102.3,101.5,102.01,5453
2025-09-30 14:20:00+05:30,102.01,102.25,101.5,101.5,10449
2025-09-30 14:25:00+05:30,101.5,102.15,101.5,102.14,3295
2025-09-30 14:30:00+05:30,102.14,102.15,101.83,102.15,1570
2025-09-30 14:35:00+05:30,102.15,102.4,101.5,101.5,3620
2025-09-30 14:40:00+05:30,101.5,101.89,101.04,101.51,4425
2025-09-30 14:45:00+05:30,101.51,102.3,101.25,101.97,3903
2025-09-30 14:50:00+05:30,101.97,102.5,101.28,101.63,12033
2025-09-30 14:55:00+05:30,101.7,102.22,100.21,101.01,14059
2025-09-30 15:00:00+05:30,100.87,101.45,100.45,101.27,8154
2025-09-30 15:05:00+05:30,101.27,101.27,99.8,99.97,15763
2025-09-30 15:10:00+05:30,100.0,100.1,99.1,99.58,12427
2025-09-30 15:15:00+05:30,100.3,100.5,99.71,100.5,18190
2025-09-30 15:20:00+05:30,100.5,100.79,100.3,100.79,8367
2025-09-30 15:25:00+05:30,100.85,102.37,100.3,102.2,21738
2025-10-01 09:15:00+05:30,103.0,107.11,102.0,102.4,75589
2025-10-01 09:20:00+05:30,102.6,103.0,101.91,103.0,20023
2025-10-01 09:25:00+05:30,103.08,105.49,102.41,103.0,49064
2025-10-01 09:30:00+05:30,103.0,103.62,102.5,102.99,4956
2025-10-01 09:35:00+05:30,102.99,102.99,102.0,102.24,3799
2025-10-01 09:40:00+05:30,102.0,102.78,101.98,102.11,1397
2025-10-01 09:45:00+05:30,102.1,102.9,100.8,101.01,12117
2025-10-01 09:50:00+05:30,101.85,101.85,99.6,99.9,15672
2025-10-01 09:55:00+05:30,99.91,100.28,98.0,98.98,10707
2025-10-01 10:00:00+05:30,98.98,99.46,98.48,99.1,4582
2025-10-01 10:05:00+05:30,99.1,99.67,98.6,99.35,4579
2025-10-01 10:10:00+05:30,99.35,99.35,98.62,98.77,4102
2025-10-01 10:15:00+05:30,98.77,99.11,98.62,98.85,1893
2025-10-01 10:20:00+05:30,98.85,99.89,98.83,99.86,4581
2025-10-01 10:25:00+05:30,99.86,100.34,99.12,99.88,3182
2025-10-01 10:30:00+05:30,99.44,99.77,99.26,99.77,438
2025-10-01 10:35:00+05:30,99.76,99.9,99.35,99.9,1138
2025-10-01 10:40:00+05:30,99.87,101.35,99.69,101.35,7306
2025-10-01 10:45:00+05:30,101.35,101.35,101.0,101.34,2297
2025-10-01 10:50:00+05:30,101.34,101.6,101.0,101.54,1296
2025-10-01 10:55:00+05:30,101.54,101.54,101.0,101.13,2331
2025-10-01 11:00:00+05:30,101.13,101.57,101.13,101.57,672
2025-10-01 11:05:00+05:30,101.57,101.57,101.49,101.49,119
2025-10-01 11:10:00+05:30,101.15,102.21,101.15,102.21,2562
2025-10-01 11:15:00+05:30,102.21,102.96,102.21,102.4,3312
2025-10-01 11:20:00+05:30,102.4,102.8,102.4,102.75,962
2025-10-01 11:25:00+05:30,102.75,102.9,102.75,102.8,1596
2025-10-01 11:30:00+05:30,102.8,105.59,102.76,105.59,22537
2025-10-01 11:35:00+05:30,105.59,105.59,103.51,103.93,16946
2025-10-01 11:40:00+05:30,103.9,104.49,103.75,103.78,1880
2025-10-01 11:45:00+05:30,103.71,104.29,103.6,103.86,1924
2025-10-01 11:50:00+05:30,103.86,104.15,101.62,101.62,7260
2025-10-01 11:55:00+05:30,101.62,102.42,100.3,100.92,11212
2025-10-01 12:00:00+05:30,100.92,101.0,100.51,101.0,3353
2025-10-01 12:05:00+05:30,101.0,101.79,100.97,101.62,2013
2025-10-01 12:10:00+05:30,101.62,102.69,101.62,102.65,1256
2025-10-01 12:15:00+05:30,102.65,102.69,102.0,102.16,1197
2025-10-01 12:20:00+05:30,102.16,102.69,102.0,102.05,940
2025-10-01 12:25:00+05:30,102.05,103.09,102.05,102.34,3777
2025-10-01 12:30:00+05:30,102.34,102.35,102.07,102.16,665
2025-10-01 12:35:00+05:30,102.16,103.25,102.16,102.27,5816
2025-10-01 12:40:00+05:30,102.27,102.41,101.96,101.96,4733
2025-10-01 12:45:00+05:30,101.96,101.96,101.0,101.02,9025
2025-10-01 12:50:00+05:30,101.02,101.35,101.02,101.35,387
2025-10-01 12:55:00+05:30,101.35,101.5,101.34,101.34,850
2025-10-01 13:00:00+05:30,101.34,101.9,101.34,101.9,967
2025-10-01 13:05:00+05:30,101.9,101.92,101.5,101.92,198
2025-10-01 13:10:00+05:30,101.92,101.92,101.41,101.41,172
2025-10-01 13:15:00+05:30,101.41,101.54,101.05,101.54,836
2025-10-01 13:20:00+05:30,101.54,101.59,101.54,101.59,1487
2025-10-01 13:25:00+05:30,101.59,102.18,101.59,102.18,129
2025-10-01 13:30:00+05:30,102.18,102.18,102.01,102.18,412
2025-10-01 13:35:00+05:30,102.18,102.45,102.1,102.45,1017
2025-10-01 13:40:00+05:30,102.45,102.45,102.11,102.2,110
2025-10-01 13:45:00+05:30,102.2,102.24,102.15,102.2,1096
2025-10-01 13:50:00+05:30,102.2,102.2,102.2,102.2,212
2025-10-01 13:55:00+05:30,102.2,102.2,102.02,102.02,749
2025-10-01 14:00:00+05:30,102.02,102.09,101.7,101.72,1017
2025-10-01 14:05:00+05:30,101.72,101.99,101.66,101.66,115
2025-10-01 14:10:00+05:30,101.66,101.98,101.66,101.98,8
2025-10-01 14:15:00+05:30,101.98,102.0,101.59,101.69,1035
2025-10-01 14:20:00+05:30,101.69,101.94,101.69,101.89,332
2025-10-01 14:25:00+05:30,101.89,101.89,101.4,101.69,1010
2025-10-01 14:30:00+05:30,101.69,101.88,101.41,101.41,1285
2025-10-01 14:35:00+05:30,101.41,101.89,101.36,101.36,1128
2025-10-01 14:40:00+05:30,101.36,101.5,101.21,101.5,130
2025-10-01 14:45:00+05:30,101.5,101.5,101.11,101.11,366
2025-10-01 14:50:00+05:30,101.11,101.5,101.11,101.5,78
2025-10-01 14:55:00+05:30,101.5,101.5,101.0,101.0,6691
2025-10-01 15:00:00+05:30,101.0,101.8,101.0,101.42,2050
2025-10-01 15:05:00+05:30,101.44,101.5,101.0,101.0,3570
2025-10-01 15:10:00+05:30,101.0,101.2,101.0,101.2,3150
2025-10-01 15:15:00+05:30,101.2,102.09,101.0,101.94,10496
2025-10-01 15:20:00+05:30,101.94,101.94,101.0,101.0,2492
2025-10-01 15:25:00+05:30,101.0,101.65,100.3,101.65,15770
2025-10-03 09:15:00+05:30,101.65,102.07,101.65,102.0,1187
2025-10-03 09:20:00+05:30,102.0,103.09,101.71,102.54,4869
2025-10-03 09:25:00+05:30,102.54,103.39,102.31,102.68,2337
2025-10-03 09:30:00+05:30,102.51,103.5,100.11,100.2,4849
2025-10-03 09:35:00+05:30,100.2,101.34,100.0,100.4,4132
2025-10-03 09:40:00+05:30,101.01,101.01,99.4,100.73,3115
2025-10-03 09:45:00+05:30,100.73,100.73,100.73,100.73,0
2025-10-03 09:50:00+05:30,100.73,100.73,100.51,100.52,1237
2025-10-03 09:55:00+05:30,100.52,100.52,99.6,100.52,1035
2025-10-03 10:00:00+05:30,99.88,100.53,99.88,100.53,741
2025-10-03 10:05:00+05:30,100.7,100.7,100.17,100.17,723
2025-10-03 10:10:00+05:30,100.17,100.17,99.52,99.7,6344
2025-10-03 10:15:00+05:30,99.7,99.73,99.5,99.73,884
2025-10-03 10:20:00+05:30,99.52,100.35,99.52,100.01,325
2025-10-03 10:25:00+05:30,100.01,100.08,100.01,100.05,219
2025-10-03 10:30:00+05:30,100.05,100.09,100.05,100.05,140
2025-10-03 10:35:00+05:30,100.05,100.17,100.05,100.17,51
2025-10-03 10:40:00+05:30,100.51,100.51,100.15,100.15,124
2025-10-03 10:45:00+05:30,100.15,100.17,100.05,100.17,217
2025-10-03 10:50:00+05:30,100.65,100.9,100.65,100.9,2236
2025-10-03 10:55:00+05:30,100.31,100.86,100.31,100.86,615
2025-10-03 11:00:00+05:30,101.49,101.99,101.45,101.45,1000
2025-10-03 11:05:00+05:30,101.45,101.99,101.45,101.99,34
2025-10-03 11:10:00+05:30,101.99,101.99,101.51,101.51,38
2025-10-03 11:15:00+05:30,101.51,101.51,100.68,100.69,369
2025-10-03 11:20:00+05:30,100.69,100.69,100.68,100.68,246
2025-10-03 11:25:00+05:30,100.68,100.68,100.5,100.5,100
2025-10-03 11:30:00+05:30,100.5,100.5,99.8,99.8,2684
2025-10-03 11:35:00+05:30,99.8,99.8,99.8,99.8,12
2025-10-03 11:40:00+05:30,99.8,99.8,99.8,99.8,273
2025-10-03 11:45:00+05:30,99.8,99.9,99.8,99.9,86
2025-10-03 11:50:00+05:30,99.9,100.95,99.9,100.95,1730
2025-10-03 11:55:00+05:30,100.95,100.95,100.89,100.9,295
2025-10-03 12:00:00+05:30,100.9,100.9,100.75,100.85,266
2025-10-03 12:05:00+05:30,100.85,100.9,100.85,100.9,51
2025-10-03 12:10:00+05:30,100.9,100.9,100.9,100.9,124
2025-10-03 12:15:00+05:30,100.3,100.9,100.3,100.81,253
2025-10-03 12:20:00+05:30,100.81,100.81,100.81,100.81,0
2025-10-03 12:25:00+05:30,100.65,100.65,100.65,100.65,16
2025-10-03 12:30:00+05:30,100.35,100.35,100.35,100.35,10
2025-10-03 12:35:00+05:30,100.35,100.35,100.35,100.35,210
2025-10-03 12:40:00+05:30,100.35,100.9,100.3,100.9,531
2025-10-03 12:45:00+05:30,100.5,100.9,100.2,100.9,106
2025-10-03 12:50:00+05:30,100.9,100.9,100.9,100.9,51
2025-10-03 12:55:00+05:30,100.9,100.9,100.9,100.9,124
2025-10-03 13:00:00+05:30,100.9,100.91,99.75,100.32,2296
2025-10-03 13:05:00+05:30,100.32,100.82,99.7,99.7,130
2025-10-03 13:10:00+05:30,99.7,100.9,99.7,100.9,1
2025-10-03 13:15:00+05:30,100.9,100.9,100.22,100.3,2543
2025-10-03 13:20:00+05:30,99.71,100.34,99.71,100.29,898
2025-10-03 13:25:00+05:30,99.75,99.75,99.75,99.75,530
2025-10-03 13:30:00+05:30,99.75,99.75,99.73,99.73,99
2025-10-03 13:35:00+05:30,99.73,99.73,99.73,99.73,203
2025-10-03 13:40:00+05:30,99.73,100.29,99.5,100.0,3827
2025-10-03 13:45:00+05:30,99.75,99.75,99.5,99.5,350
2025-10-03 13:50:00+05:30,99.5,99.5,99.5,99.5,0
2025-10-03 13:55:00+05:30,99.5,99.5,99.5,99.5,0
2025-10-03 14:00:00+05:30,99.5,100.0,99.5,100.0,161
2025-10-03 14:05:00+05:30,99.5,100.0,99.5,99.5,181
2025-10-03 14:10:00+05:30,99.5,100.28,99.5,100.28,3
2025-10-03 14:15:00+05:30,100.28,100.28,100.28,100.28,0
2025-10-03 14:20:00+05:30,100.28,100.28,99.66,100.28,222
2025-10-03 14:25:00+05:30,100.28,100.28,99.26,99.26,420
2025-10-03 14:30:00+05:30,99.26,100.24,99.26,100.0,949
2025-10-03 14:35:00+05:30,100.0,100.0,100.0,100.0,115
2025-10-03 14:40:00+05:30,100.0,100.0,99.28,99.28,195
2025-10-03 14:45:00+05:30,99.28,99.28,99.28,99.28,11
2025-10-03 14:50:00+05:30,99.28,99.28,98.4,99.0,1062
2025-10-03 14:55:00+05:30,99.0,99.89,99.0,99.28,516
2025-10-03 15:00:00+05:30,99.28,99.89,99.28,99.32,567
2025-10-03 15:05:00+05:30,99.32,99.9,98.55,99.3,5032
2025-10-03 15:10:00+05:30,99.3,99.85,99.0,99.0,852
2025-10-03 15:15:00+05:30,99.0,99.8,98.59,98.59,2555
2025-10-03 15:20:00+05:30,98.59,98.87,98.59,98.65,2040
2025-10-03 15:25:00+05:30,98.65,100.0,98.65,98.75,4750
2025-10-06 09:15:00+05:30,100.8,101.8,100.21,100.99,4907
2025-10-06 09:20:00+05:30,100.99,101.39,99.41,100.48,2793
2025-10-06 09:25:00+05:30,100.14,100.14,99.36,99.43,293
2025-10-06 09:30:00+05:30,99.43,99.73,99.4,99.73,253
2025-10-06 09:35:00+05:30,99.73,99.76,99.48,99.52,257
2025-10-06 09:40:00+05:30,99.52,99.9,99.41,99.59,435
2025-10-06 09:45:00+05:30,99.59,100.18,99.55,100.16,1612
2025-10-06 09:50:00+05:30,100.16,100.34,99.93,99.93,51
2025-10-06 09:55:00+05:30,99.93,99.93,99.58,99.83,137
2025-10-06 10:00:00+05:30,99.83,99.84,99.58,99.58,1055
2025-10-06 10:05:00+05:30,99.58,99.81,99.4,99.4,1248
2025-10-06 10:10:00+05:30,99.4,99.6,99.4,99.59,414
2025-10-06 10:15:00+05:30,99.59,99.59,99.5,99.51,136
2025-10-06 10:20:00+05:30,99.51,99.51,99.2,99.31,1166
2025-10-06 10:25:00+05:30,99.31,99.5,99.11,99.11,126
2025-10-06 10:30:00+05:30,99.11,99.79,99.11,99.5,144
2025-10-06 10:35:00+05:30,99.5,99.65,99.5,99.65,430
2025-10-06 10:40:00+05:30,99.65,100.0,99.65,100.0,1681
2025-10-06 10:45:00+05:30,100.0,100.0,99.5,99.5,1110
2025-10-06 10:50:00+05:30,99.5,99.5,99.5,99.5,25
2025-10-06 10:55:00+05:30,99.5,99.69,99.5,99.69,30
2025-10-06 11:00:00+05:30,99.69,99.69,99.69,99.69,0
2025-10-06 11:05:00+05:30,99.69,99.69,99.69,99.69,0
2025-10-06 11:10:00+05:30,99.69,99.69,99.69,99.69,0
2025-10-06 11:20:00+05:30,99.69,99.69,99.1,99.1,1159
2025-10-06 11:25:00+05:30,99.1,99.1,99.0,99.0,585
2025-10-06 11:30:00+05:30,98.89,99.09,98.89,99.09,156
2025-10-06 11:35:00+05:30,98.06,99.1,98.01,98.68,1330
2025-10-06 11:40:00+05:30,98.68,98.68,98.0,98.0,254
2025-10-06 11:45:00+05:30,98.0,98.01,98.0,98.0,1901
2025-10-06 11:50:00+05:30,98.0,98.0,96.3,97.07,2073
2025-10-06 11:55:00+05:30,97.07,97.95,96.33,97.05,599
2025-10-06 12:00:00+05:30,97.05,97.49,97.05,97.07,109
2025-10-06 12:05:00+05:30,97.07,97.47,97.07,97.1,130
2025-10-06 12:10:00+05:30,97.1,97.1,96.5,96.5,1752
2025-10-06 12:15:00+05:30,96.5,98.04,96.33,97.95,1215
2025-10-06 12:20:00+05:30,97.7,97.7,97.55,97.55,37
2025-10-06 12:25:00+05:30,97.55,97.57,97.55,97.57,5
2025-10-06 12:30:00+05:30,97.57,97.57,97.26,97.49,107
2025-10-06 12:35:00+05:30,97.49,97.49,96.6,97.06,464
2025-10-06 12:40:00+05:30,97.06,97.1,95.1,96.89,1730
2025-10-06 12:45:00+05:30,96.31,96.7,95.24,96.7,211
2025-10-06 12:50:00+05:30,96.7,96.76,96.29,96.76,110
2025-10-06 12:55:00+05:30,96.76,96.76,96.11,96.11,300
2025-10-06 13:00:00+05:30,96.11,96.34,95.26,95.55,1185
2025-10-06 13:05:00+05:30,95.55,95.55,93.0,93.0,4786
2025-10-06 13:10:00+05:30,93.0,93.98,92.41,93.98,3163
2025-10-06 13:15:00+05:30,93.9,94.84,93.9,94.75,1430
2025-10-06 13:20:00+05:30,94.8,94.8,92.2,93.99,5851
2025-10-06 13:25:00+05:30,93.99,93.99,91.35,91.45,3367
2025-10-06 13:30:00+05:30,92.0,93.48,91.47,93.24,2578
2025-10-06 13:35:00+05:30,93.24,94.15,93.2,94.02,2315
2025-10-06 13:40:00+05:30,94.62,94.62,93.5,93.69,700
2025-10-06 13:45:00+05:30,93.69,93.93,93.69,93.93,450
2025-10-06 13:50:00+05:30,93.93,93.94,91.11,91.7,4228
2025-10-06 13:55:00+05:30,91.7,92.61,91.7,92.5,1428
2025-10-06 14:00:00+05:30,92.45,93.9,92.15,93.44,2755
2025-10-06 14:05:00+05:30,93.44,93.8,92.82,93.8,137
2025-10-06 14:10:00+05:30,93.8,93.8,92.8,93.47,319
2025-10-06 14:15:00+05:30,93.47,93.68,93.04,93.68,104
2025-10-06 14:20:00+05:30,93.68,94.0,93.16,93.16,601
2025-10-06 14:25:00+05:30,93.16,93.39,93.0,93.0,1084
2025-10-06 14:30:00+05:30,93.0,93.7,92.51,93.7,271
2025-10-06 14:35:00+05:30,93.7,93.7,92.51,93.49,1001
2025-10-06 14:40:00+05:30,93.49,93.5,92.56,92.56,172
2025-10-06 14:45:00+05:30,92.56,92.97,92.56,92.97,550
2025-10-06 14:50:00+05:30,92.97,93.45,92.97,93.0,169
2025-10-06 14:55:00+05:30,93.0,93.2,93.0,93.2,468
2025-10-06 15:00:00+05:30,93.2,93.25,93.2,93.25,1164
2025-10-06 15:05:00+05:30,93.25,93.25,92.61,93.19,1217
2025-10-06 15:10:00+05:30,93.19,93.2,92.15,93.0,2392
2025-10-06 15:15:00+05:30,93.0,93.3,89.35,91.1,20980
2025-10-06 15:20:00+05:30,91.1,92.5,90.0,90.12,12153
2025-10-06 15:25:00+05:30,90.12,90.6,89.4,89.52,5969
2025-10-07 09:15:00+05:30,92.9,92.9,90.57,91.5,3762
2025-10-07 09:20:00+05:30,91.5,91.5,90.89,90.89,864
2025-10-07 09:25:00+05:30,90.89,91.29,90.89,91.17,167
2025-10-07 09:30:00+05:30,91.17,91.26,90.21,90.21,2027
2025-10-07 09:35:00+05:30,90.21,90.83,89.01,90.34,6362
2025-10-07 09:40:00+05:30,90.35,90.38,90.23,90.24,710
2025-10-07 09:45:00+05:30,90.44,90.6,90.22,90.43,1094
2025-10-07 09:50:00+05:30,90.57,90.59,89.0,89.82,3815
2025-10-07 09:55:00+05:30,89.82,89.82,88.6,88.61,1798
2025-10-07 10:00:00+05:30,88.61,89.54,88.61,89.3,2438
2025-10-07 10:05:00+05:30,89.3,89.59,89.0,89.59,410
2025-10-07 10:10:00+05:30,89.59,90.32,89.02,89.51,3149
2025-10-07 10:15:00+05:30,89.51,89.76,89.29,89.29,57
2025-10-07 10:20:00+05:30,89.29,89.65,89.06,89.64,185
2025-10-07 10:25:00+05:30,89.64,89.64,89.2,89.3,306
2025-10-07 10:30:00+05:30,89.45,89.45,89.1,89.34,876
2025-10-07 10:35:00+05:30,89.34,89.9,89.26,89.9,1168
2025-10-07 10:40:00+05:30,89.9,89.9,89.2,89.2,2968
2025-10-07 10:45:00+05:30,89.2,90.0,89.14,89.4,2286
2025-10-07 10:50:00+05:30,89.4,89.98,89.33,89.86,1450
2025-10-07 10:55:00+05:30,89.86,90.0,89.17,89.4,2577
2025-10-07 11:00:00+05:30,89.4,90.89,89.3,90.87,1497
2025-10-07 11:05:00+05:30,90.87,90.9,90.01,90.5,848
2025-10-07 11:10:00+05:30,90.5,90.5,89.25,89.91,749
2025-10-07 11:15:00+05:30,89.91,90.4,89.3,90.24,68
2025-10-07 11:20:00+05:30,90.24,90.24,90.0,90.0,116
2025-10-07 11:25:00+05:30,90.0,90.0,89.75,89.89,143
2025-10-07 11:30:00+05:30,89.89,89.89,89.3,89.3,355
2025-10-07 11:35:00+05:30,89.88,89.88,89.32,89.32,108
2025-10-07 11:40:00+05:30,89.32,90.35,89.32,89.4,771
2025-10-07 11:45:00+05:30,89.4,90.1,89.4,89.82,223
2025-10-07 11:50:00+05:30,89.82,89.82,89.82,89.82,96
2025-10-07 11:55:00+05:30,89.82,90.4,89.81,90.4,563
2025-10-07 12:00:00+05:30,90.98,91.39,90.26,91.39,1087
2025-10-07 12:05:00+05:30,91.36,91.36,91.0,91.0,548
2025-10-07 12:10:00+05:30,91.0,91.0,90.53,90.53,9
2025-10-07 12:15:00+05:30,90.53,90.53,90.53,90.53,0
2025-10-07 12:20:00+05:30,91.0,91.35,91.0,91.35,7
2025-10-07 12:25:00+05:30,91.35,91.5,90.1,90.39,2992
2025-10-07 12:30:00+05:30,90.39,91.8,90.2,91.49,711
2025-10-07 12:35:00+05:30,91.3,91.3,90.74,91.2,2070
2025-10-07 12:40:00+05:30,90.51,91.0,90.51,91.0,260
2025-10-07 12:45:00+05:30,91.0,91.24,90.81,90.81,1216
2025-10-07 12:50:00+05:30,91.0,91.09,91.0,91.01,1014
2025-10-07 12:55:00+05:30,91.1,91.1,91.1,91.1,88
2025-10-07 13:00:00+05:30,91.1,91.11,91.1,91.11,25
2025-10-07 13:10:00+05:30,91.11,91.11,90.51,90.51,700
2025-10-07 13:15:00+05:30,90.51,91.29,90.51,91.29,100
2025-10-07 13:20:00+05:30,91.24,91.24,90.52,90.52,101
2025-10-07 13:25:00+05:30,90.52,90.61,90.52,90.61,6
2025-10-07 13:30:00+05:30,90.61,91.0,90.61,91.0,40
2025-10-07 13:35:00+05:30,91.0,91.0,90.51,90.51,300
2025-10-07 13:40:00+05:30,90.51,90.51,90.51,90.51,0
2025-10-07 13:45:00+05:30,90.51,90.51,90.51,90.51,0
2025-10-07 13:50:00+05:30,90.51,90.52,90.51,90.51,300
2025-10-07 13:55:00+05:30,90.51,90.51,90.51,90.51,0
2025-10-07 14:00:00+05:30,90.99,90.99,90.57,90.57,371
2025-10-07 14:05:00+05:30,90.57,90.99,90.57,90.99,400
2025-10-07 14:10:00+05:30,90.99,90.99,90.62,90.62,211
2025-10-07 14:15:00+05:30,90.62,90.62,90.62,90.62,0
2025-10-07 14:20:00+05:30,90.66,90.9,88.1,89.24,8662
2025-10-07 14:25:00+05:30,89.24,89.45,88.0,88.6,3228
2025-10-07 14:30:00+05:30,88.69,88.89,88.25,88.89,1469
2025-10-07 14:35:00+05:30,88.89,89.45,87.49,88.5,5327
2025-10-07 14:40:00+05:30,88.5,88.75,88.5,88.59,214
2025-10-07 14:45:00+05:30,88.59,88.7,87.5,88.45,1499
2025-10-07 14:50:00+05:30,88.44,88.44,87.56,88.3,273
2025-10-07 14:55:00+05:30,88.3,88.3,88.0,88.0,268
2025-10-07 15:00:00+05:30,88.0,88.0,87.0,87.0,2813
2025-10-07 15:05:00+05:30,87.0,88.49,86.8,88.49,3256
2025-10-07 15:10:00+05:30,88.49,88.65,88.4,88.49,439
2025-10-07 15:15:00+05:30,88.49,88.49,87.68,88.3,1376
2025-10-07 15:20:00+05:30,88.0,88.0,87.68,87.84,1027
2025-10-07 15:25:00+05:30,87.84,87.9,87.16,87.5,5209
2025-10-08 09:15:00+05:30,87.95,89.19,87.95,89.15,1352
2025-10-08 09:20:00+05:30,89.15,89.15,88.62,88.86,500
2025-10-08 09:25:00+05:30,88.86,88.86,88.62,88.62,548
2025-10-08 09:30:00+05:30,88.62,89.5,88.62,89.5,1234
2025-10-08 09:35:00+05:30,89.5,89.5,89.23,89.23,50
2025-10-08 09:40:00+05:30,89.23,89.89,89.18,89.89,1048
2025-10-08 09:45:00+05:30,89.89,89.89,89.27,89.54,533
2025-10-08 09:50:00+05:30,89.54,89.78,89.28,89.31,27
2025-10-08 09:55:00+05:30,89.31,89.85,88.86,88.86,833
2025-10-08 10:00:00+05:30,88.86,88.86,88.41,88.41,507
2025-10-08 10:05:00+05:30,88.41,88.51,88.15,88.51,119
2025-10-08 10:10:00+05:30,88.51,89.84,88.0,88.8,6638
2025-10-08 10:15:00+05:30,88.9,89.85,88.9,89.85,367
2025-10-08 10:20:00+05:30,89.85,89.85,89.31,89.31,2160
2025-10-08 10:25:00+05:30,89.31,89.8,89.31,89.59,1678
2025-10-08 10:30:00+05:30,89.79,89.8,89.5,89.5,1347
2025-10-08 10:35:00+05:30,89.5,89.5,88.25,88.95,2242
2025-10-08 10:40:00+05:30,88.95,88.95,88.49,88.89,1295
2025-10-08 10:45:00+05:30,88.89,89.43,88.89,89.24,1201
2025-10-08 10:50:00+05:30,89.24,89.45,89.24,89.45,132
2025-10-08 10:55:00+05:30,89.45,89.45,88.25,88.4,3036
2025-10-08 11:00:00+05:30,88.59,88.79,88.4,88.79,430
2025-10-08 11:05:00+05:30,88.79,88.79,88.79,88.79,100
2025-10-08 11:10:00+05:30,88.79,88.9,88.79,88.9,20
2025-10-08 11:15:00+05:30,88.9,89.2,88.9,89.2,301
2025-10-08 11:20:00+05:30,89.2,89.2,88.41,88.77,1346
2025-10-08 11:25:00+05:30,88.77,88.77,88.77,88.77,0
2025-10-08 11:30:00+05:30,88.77,88.77,88.77,88.77,0
2025-10-08 11:35:00+05:30,88.53,88.53,88.53,88.53,22
2025-10-08 11:40:00+05:30,88.53,88.53,88.53,88.53,0
2025-10-08 11:45:00+05:30,88.53,88.53,88.53,88.53,0
2025-10-08 11:50:00+05:30,88.53,88.61,88.53,88.61,125
2025-10-08 11:55:00+05:30,88.61,88.83,88.61,88.83,100
2025-10-08 12:00:00+05:30,88.83,88.83,88.83,88.83,0
2025-10-08 12:05:00+05:30,88.83,88.83,88.63,88.63,10
2025-10-08 12:10:00+05:30,88.63,88.63,88.63,88.63,0
2025-10-08 12:15:00+05:30,88.64,88.75,88.63,88.63,13
2025-10-08 12:20:00+05:30,88.63,88.76,88.63,88.76,2
2025-10-08 12:25:00+05:30,88.76,88.76,88.76,88.76,0
2025-10-08 12:30:00+05:30,88.76,88.76,88.65,88.65,10
2025-10-08 12:35:00+05:30,88.65,89.0,88.65,89.0,185
2025-10-08 12:40:00+05:30,89.0,89.0,88.65,88.65,100
2025-10-08 12:45:00+05:30,88.63,88.65,88.63,88.65,200
2025-10-08 12:50:00+05:30,88.65,88.65,88.65,88.65,0
2025-10-08 12:55:00+05:30,88.65,89.0,88.65,89.0,506
2025-10-08 13:00:00+05:30,89.0,89.8,88.2,88.2,2115
2025-10-08 13:05:00+05:30,88.2,88.2,88.2,88.2,0
2025-10-08 13:10:00+05:30,88.2,88.2,88.2,88.2,0
2025-10-08 13:15:00+05:30,88.2,88.95,88.2,88.95,100
2025-10-08 13:20:00+05:30,88.95,89.78,88.95,89.2,428
2025-10-08 13:25:00+05:30,89.2,89.2,89.0,89.2,158
2025-10-08 13:30:00+05:30,89.0,89.19,89.0,89.19,228
2025-10-08 13:35:00+05:30,89.02,89.02,89.02,89.02,6
2025-10-08 13:40:00+05:30,89.02,89.17,89.0,89.0,272
2025-10-08 13:45:00+05:30,89.0,89.0,88.77,88.77,4
2025-10-08 13:50:00+05:30,88.77,89.1,88.77,89.1,43
2025-10-08 13:55:00+05:30,89.1,89.1,89.0,89.0,100
2025-10-08 14:00:00+05:30,89.0,89.0,89.0,89.0,0
2025-10-08 14:05:00+05:30,89.0,89.0,88.99,88.99,12
2025-10-08 14:10:00+05:30,88.38,88.99,88.38,88.99,88
2025-10-08 14:15:00+05:30,88.99,88.99,88.99,88.99,160
2025-10-08 14:20:00+05:30,88.99,88.99,88.33,88.33,200
2025-10-08 14:25:00+05:30,88.33,88.33,88.33,88.33,0
2025-10-08 14:30:00+05:30,88.56,88.99,88.56,88.56,135
2025-10-08 14:35:00+05:30,88.56,89.5,88.56,89.03,696
2025-10-08 14:40:00+05:30,89.05,89.47,89.01,89.01,510
2025-10-08 14:45:00+05:30,89.01,89.01,89.01,89.01,0
2025-10-08 14:50:00+05:30,89.01,89.01,89.01,89.01,0
2025-10-08 14:55:00+05:30,89.01,89.4,89.01,89.4,122
2025-10-08 15:00:00+05:30,89.4,89.86,89.4,89.82,1549
2025-10-08 15:05:00+05:30,89.82,89.82,89.11,89.11,561
2025-10-08 15:10:00+05:30,89.01,89.04,89.01,89.03,453
2025-10-08 15:15:00+05:30,89.02,89.54,89.02,89.54,1085
2025-10-08 15:20:00+05:30,89.54,89.8,89.01,89.01,1555
2025-10-08 15:25:00+05:30,89.01,89.01,88.5,88.5,1439
2025-10-09 09:15:00+05:30,90.78,90.78,89.3,89.3,295
2025-10-09 09:20:00+05:30,89.3,89.86,89.3,89.86,1333
2025-10-09 09:25:00+05:30,89.86,90.6,89.86,90.39,966
2025-10-09 09:30:00+05:30,90.39,90.39,90.32,90.32,111
2025-10-09 09:35:00+05:30,90.32,90.32,88.5,88.62,2465
2025-10-09 09:40:00+05:30,88.62,88.62,88.62,88.62,0
2025-10-09 09:45:00+05:30,88.62,90.0,88.62,89.85,1167
2025-10-09 09:50:00+05:30,89.85,90.2,89.65,89.7,447
2025-10-09 09:55:00+05:30,89.7,90.0,89.5,89.71,1308
2025-10-09 10:00:00+05:30,89.5,90.13,89.0,90.13,521
2025-10-09 10:05:00+05:30,90.13,90.13,89.81,89.81,600
2025-10-09 10:10:00+05:30,89.81,89.99,88.9,89.14,1002
2025-10-09 10:15:00+05:30,89.14,90.0,89.0,89.95,2544
2025-10-09 10:20:00+05:30,89.95,89.95,89.61,89.93,810
2025-10-09 10:25:00+05:30,89.93,89.94,88.77,89.0,1229
2025-10-09 10:30:00+05:30,89.0,89.97,89.0,89.97,1478
2025-10-09 10:35:00+05:30,89.97,89.98,89.97,89.98,728
2025-10-09 10:40:00+05:30,89.71,89.71,89.01,89.06,904
2025-10-09 10:45:00+05:30,89.06,89.06,89.06,89.06,9
2025-10-09 10:50:00+05:30,89.06,89.85,89.06,89.85,505
2025-10-09 10:55:00+05:30,89.85,89.85,89.4,89.49,245
2025-10-09 11:00:00+05:30,89.49,89.94,89.01,89.75,1208
2025-10-09 11:05:00+05:30,89.75,89.99,89.36,89.65,1197
2025-10-09 11:10:00+05:30,89.65,89.65,89.4,89.65,91
2025-10-09 11:15:00+05:30,89.59,89.65,89.59,89.65,808
2025-10-09 11:20:00+05:30,89.65,89.98,89.4,89.98,374
2025-10-09 11:25:00+05:30,89.98,89.98,89.97,89.97,8
2025-10-09 11:30:00+05:30,89.97,89.97,89.97,89.97,0
2025-10-09 11:40:00+05:30,89.97,89.97,89.4,89.4,29
2025-10-09 11:45:00+05:30,89.4,89.76,89.4,89.4,3046
2025-10-09 11:50:00+05:30,89.4,90.15,89.4,90.15,1057
2025-10-09 11:55:00+05:30,90.15,90.15,90.15,90.15,63
2025-10-09 12:00:00+05:30,90.15,90.15,90.15,90.15,0
2025-10-09 12:05:00+05:30,90.15,90.15,90.0,90.0,25
2025-10-09 12:10:00+05:30,90.0,90.0,89.51,89.75,184
2025-10-09 12:15:00+05:30,89.75,89.75,89.5,89.67,356
2025-10-09 12:20:00+05:30,89.67,89.67,89.65,89.65,3
2025-10-09 12:25:00+05:30,89.65,89.65,89.65,89.65,0
2025-10-09 12:30:00+05:30,89.65,89.65,89.65,89.65,50
2025-10-09 12:40:00+05:30,89.65,89.65,89.65,89.65,0
2025-10-09 12:45:00+05:30,89.65,89.65,89.4,89.4,57
2025-10-09 12:50:00+05:30,89.4,89.4,89.36,89.36,44
2025-10-09 12:55:00+05:30,89.36,89.36,89.36,89.36,0
2025-10-09 13:00:00+05:30,89.36,89.36,89.36,89.36,0
2025-10-09 13:05:00+05:30,89.49,89.98,88.22,88.98,4946
2025-10-09 13:10:00+05:30,88.98,89.0,88.26,88.3,353
2025-10-09 13:15:00+05:30,88.3,88.5,88.3,88.5,9
2025-10-09 13:20:00+05:30,88.5,88.5,88.5,88.5,0
2025-10-09 13:25:00+05:30,88.5,89.6,88.5,89.5,1288
2025-10-09 13:30:00+05:30,89.5,89.5,89.5,89.5,0
2025-10-09 13:35:00+05:30,89.5,89.5,89.2,89.2,5
2025-10-09 13:40:00+05:30,89.2,89.2,89.06,89.06,135
2025-10-09 13:45:00+05:30,89.06,89.06,88.66,88.66,19
2025-10-09 13:50:00+05:30,88.68,88.68,88.68,88.68,40
2025-10-09 13:55:00+05:30,89.87,89.87,88.6,88.66,381
2025-10-09 14:00:00+05:30,88.66,88.66,88.66,88.66,5
2025-10-09 14:05:00+05:30,88.66,88.66,88.66,88.66,0
2025-10-09 14:10:00+05:30,88.66,89.48,88.66,89.48,32
2025-10-09 14:15:00+05:30,88.7,88.7,88.7,88.7,100
2025-10-09 14:20:00+05:30,88.7,88.7,88.7,88.7,0
2025-10-09 14:25:00+05:30,88.7,88.7,88.7,88.7,0
2025-10-09 14:30:00+05:30,88.7,88.7,88.7,88.7,99
2025-10-09 14:35:00+05:30,88.7,88.7,88.7,88.7,68
2025-10-09 14:40:00+05:30,88.7,89.2,88.7,89.2,184
2025-10-09 14:45:00+05:30,89.2,89.2,88.7,88.77,1418
2025-10-09 14:50:00+05:30,88.77,88.9,88.7,88.7,563
2025-10-09 14:55:00+05:30,88.7,88.7,87.27,87.61,1579
2025-10-09 15:00:00+05:30,87.61,87.7,87.61,87.7,1
2025-10-09 15:05:00+05:30,87.7,87.7,84.6,85.8,11102
2025-10-09 15:10:00+05:30,85.8,85.89,85.55,85.55,1467
2025-10-09 15:15:00+05:30,85.55,85.99,85.2,85.98,1666
2025-10-09 15:20:00+05:30,85.5,86.0,85.42,86.0,3449
2025-10-09 15:25:00+05:30,86.0,87.85,86.0,87.85,3276
2025-10-10 09:15:00+05:30,86.49,86.9,86.38,86.9,954
2025-10-10 09:20:00+05:30,86.9,87.95,86.9,87.44,2331
2025-10-10 09:25:00+05:30,87.4,87.4,86.9,86.9,2106
2025-10-10 09:30:00+05:30,86.9,86.9,86.68,86.68,169
2025-10-10 09:35:00+05:30,86.68,86.69,86.0,86.0,1654
2025-10-10 09:40:00+05:30,86.0,86.2,86.0,86.14,397
2025-10-10 09:45:00+05:30,86.14,86.5,86.14,86.43,428
2025-10-10 09:50:00+05:30,86.43,86.94,86.43,86.94,191
2025-10-10 09:55:00+05:30,86.94,86.95,86.61,86.95,605
2025-10-10 10:00:00+05:30,86.61,86.61,86.6,86.6,591
2025-10-10 10:05:00+05:30,86.62,88.49,86.62,88.49,3138
2025-10-10 10:10:00+05:30,88.86,89.49,88.49,89.0,2743
2025-10-10 10:15:00+05:30,89.0,89.0,87.49,87.5,5210
2025-10-10 10:20:00+05:30,88.37,88.79,87.49,87.75,2968
2025-10-10 10:25:00+05:30,87.75,87.79,87.35,87.35,1007
2025-10-10 10:30:00+05:30,87.32,87.79,86.5,86.5,1868
2025-10-10 10:35:00+05:30,86.5,87.7,86.5,87.47,364
2025-10-10 10:40:00+05:30,87.47,87.47,87.47,87.47,10
2025-10-10 10:45:00+05:30,87.23,87.23,87.23,87.23,12
2025-10-10 10:50:00+05:30,87.23,87.23,87.0,87.0,112
2025-10-10 10:55:00+05:30,87.0,87.0,86.5,86.5,299
2025-10-10 11:00:00+05:30,86.5,86.95,86.5,86.95,7
2025-10-10 11:05:00+05:30,86.95,86.95,86.95,86.95,0
2025-10-10 11:10:00+05:30,86.95,87.0,86.87,87.0,117
2025-10-10 11:15:00+05:30,87.19,87.19,87.19,87.19,100
2025-10-10 11:20:00+05:30,87.19,87.19,87.19,87.19,0
2025-10-10 11:25:00+05:30,87.19,87.19,87.19,87.19,0
2025-10-10 11:30:00+05:30,87.19,87.19,87.19,87.19,0
2025-10-10 11:35:00+05:30,87.19,87.19,86.82,87.16,101
2025-10-10 11:40:00+05:30,87.16,87.16,87.16,87.16,0
2025-10-10 11:45:00+05:30,86.83,87.16,86.83,87.16,633
2025-10-10 11:50:00+05:30,87.12,87.12,87.12,87.12,1
2025-10-10 11:55:00+05:30,87.12,87.12,87.12,87.12,50
2025-10-10 12:00:00+05:30,87.12,87.12,87.12,87.12,0
2025-10-10 12:05:00+05:30,87.12,87.12,87.12,87.12,0
2025-10-10 12:10:00+05:30,87.12,87.12,87.11,87.11,1
2025-10-10 12:15:00+05:30,87.11,87.11,87.11,87.11,20
2025-10-10 12:20:00+05:30,87.11,87.11,86.9,86.9,1
2025-10-10 12:25:00+05:30,86.9,87.15,86.9,87.15,111
2025-10-10 12:30:00+05:30,87.14,87.23,87.14,87.23,284
2025-10-10 12:35:00+05:30,87.23,87.23,87.22,87.22,66
2025-10-10 12:40:00+05:30,87.22,87.22,87.22,87.22,0
2025-10-10 12:45:00+05:30,86.0,86.99,86.0,86.0,1141
2025-10-10 12:50:00+05:30,86.0,86.5,86.0,86.5,164
2025-10-10 12:55:00+05:30,86.5,86.5,86.5,86.5,0
2025-10-10 13:00:00+05:30,86.5,86.5,86.5,86.5,0
2025-10-10 13:05:00+05:30,86.5,86.74,86.5,86.74,50
2025-10-10 13:10:00+05:30,86.74,87.2,86.74,87.2,300
2025-10-10 13:15:00+05:30,87.2,87.2,86.74,86.74,5
2025-10-10 13:20:00+05:30,86.74,86.74,86.74,86.74,0
2025-10-10 13:25:00+05:30,86.74,86.74,86.74,86.74,41
2025-10-10 13:30:00+05:30,86.74,86.74,86.74,86.74,1
2025-10-10 13:35:00+05:30,86.74,86.74,86.74,86.74,0
2025-10-10 13:40:00+05:30,86.74,86.74,86.74,86.74,0
2025-10-10 13:45:00+05:30,86.74,86.74,86.74,86.74,0
2025-10-10 13:50:00+05:30,86.74,86.74,86.74,86.74,39
2025-10-10 13:55:00+05:30,86.74,86.98,86.74,86.98,10
2025-10-10 14:15:00+05:30,86.98,86.98,86.98,86.98,0
2025-10-10 14:20:00+05:30,86.74,86.74,86.74,86.74,101
2025-10-10 14:25:00+05:30,86.74,86.74,86.74,86.74,0
2025-10-10 14:30:00+05:30,86.74,86.74,86.74,86.74,0
2025-10-10 14:35:00+05:30,86.74,86.74,86.74,86.74,0
2025-10-10 14:40:00+05:30,86.74,86.74,86.74,86.74,0
2025-10-10 14:45:00+05:30,86.74,86.74,86.0,86.0,2001
2025-10-10 14:50:00+05:30,86.05,86.05,85.5,85.5,1729
2025-10-10 14:55:00+05:30,86.05,86.45,85.62,86.39,1355
2025-10-10 15:00:00+05:30,86.39,86.39,86.39,86.39,0
2025-10-10 15:05:00+05:30,86.05,86.05,84.55,84.9,3025
2025-10-10 15:10:00+05:30,84.9,85.4,84.9,85.19,230
2025-10-10 15:15:00+05:30,85.19,85.19,84.2,84.8,4230
2025-10-10 15:20:00+05:30,84.8,85.68,84.8,85.4,151
2025-10-10 15:25:00+05:30,85.4,87.2,84.8,87.2,4574
2025-10-13 09:15:00+05:30,85.25,86.07,83.65,85.67,1979
2025-10-13 09:20:00+05:30,85.67,87.39,85.67,86.99,6883
2025-10-13 09:25:00+05:30,86.24,87.0,85.75,86.99,3186
2025-10-13 09:30:00+05:30,86.99,87.68,86.99,87.17,329
2025-10-13 09:35:00+05:30,87.17,92.0,87.17,91.52,11291
2025-10-13 09:40:00+05:30,91.99,99.39,90.69,98.9,22040
2025-10-13 09:45:00+05:30,98.7,100.49,96.7,97.35,31124
2025-10-13 09:50:00+05:30,97.68,99.7,97.33,98.4,18601
2025-10-13 09:55:00+05:30,98.45,98.72,97.01,97.08,13347
2025-10-13 10:00:00+05:30,97.08,97.38,95.21,95.35,16704
2025-10-13 10:05:00+05:30,95.35,99.54,95.24,99.54,38373
2025-10-13 10:10:00+05:30,98.61,101.65,98.08,98.39,36268
2025-10-13 10:15:00+05:30,98.39,99.0,97.84,98.84,13366
2025-10-13 10:20:00+05:30,98.84,98.84,98.01,98.06,3532
2025-10-13 10:25:00+05:30,98.46,98.9,98.07,98.15,4967
2025-10-13 10:30:00+05:30,98.15,98.48,97.51,98.12,10759
2025-10-13 10:35:00+05:30,98.12,98.5,98.02,98.04,1305
2025-10-13 10:40:00+05:30,98.06,99.27,98.06,98.6,8787
2025-10-13 10:45:00+05:30,98.61,98.94,98.02,98.6,9385
2025-10-13 10:50:00+05:30,98.6,99.45,98.58,98.82,7000
2025-10-13 10:55:00+05:30,98.82,99.48,98.82,99.34,1467
2025-10-13 11:00:00+05:30,99.22,99.9,98.46,98.72,10550
2025-10-13 11:05:00+05:30,98.72,99.04,98.5,99.04,3250
2025-10-13 11:10:00+05:30,99.0,99.0,98.21,98.49,1344
2025-10-13 11:15:00+05:30,98.49,98.5,98.03,98.2,2130
2025-10-13 11:20:00+05:30,98.2,100.0,98.2,100.0,8424
2025-10-13 11:25:00+05:30,99.9,102.3,99.9,102.3,91307
2025-10-13 11:30:00+05:30,102.3,102.3,99.51,99.79,128781
2025-10-13 11:35:00+05:30,99.79,102.3,99.79,101.75,66687
2025-10-13 11:40:00+05:30,101.75,102.3,101.0,101.68,16166
2025-10-13 11:45:00+05:30,101.75,102.3,101.51,102.0,7468
2025-10-13 11:50:00+05:30,101.9,102.3,101.11,101.29,11018
2025-10-13 11:55:00+05:30,101.29,101.3,100.31,100.9,10641
2025-10-13 12:00:00+05:30,100.9,101.0,100.1,100.5,10813
2025-10-13 12:05:00+05:30,100.22,101.29,100.22,101.05,15854
2025-10-13 12:10:00+05:30,101.05,101.85,100.48,100.48,16585
2025-10-13 12:15:00+05:30,100.48,101.74,100.48,100.9,17988
2025-10-13 12:20:00+05:30,100.85,101.33,100.51,101.0,1581
2025-10-13 12:25:00+05:30,101.0,101.47,100.7,101.08,2966
2025-10-13 12:30:00+05:30,101.08,101.75,100.72,101.67,6427
2025-10-13 12:35:00+05:30,101.67,101.67,100.61,101.49,4795
2025-10-13 12:40:00+05:30,101.49,101.61,100.78,101.48,1098
2025-10-13 12:45:00+05:30,101.48,101.48,100.96,101.4,442
2025-10-13 12:50:00+05:30,101.4,102.3,100.81,102.3,79736
2025-10-13 12:55:00+05:30,102.3,102.3,101.5,102.3,28014
2025-10-13 13:00:00+05:30,102.3,102.3,101.64,102.3,10964
2025-10-13 13:05:00+05:30,102.3,102.3,101.76,102.3,5058
2025-10-13 13:10:00+05:30,102.3,102.3,102.0,102.3,2098
2025-10-13 13:15:00+05:30,102.3,102.3,102.3,102.3,2506
2025-10-13 13:20:00+05:30,102.3,102.3,102.3,102.3,3464
2025-10-13 13:25:00+05:30,102.3,102.3,102.3,102.3,17
2025-10-13 13:30:00+05:30,102.3,102.3,101.81,101.81,8697
2025-10-13 13:35:00+05:30,101.81,102.14,100.1,100.1,8587
2025-10-13 13:40:00+05:30,100.1,101.49,100.1,101.49,10392
2025-10-13 13:45:00+05:30,101.49,101.49,101.18,101.48,2201
2025-10-13 13:50:00+05:30,101.48,101.49,100.11,100.4,14565
2025-10-13 13:55:00+05:30,100.4,101.39,100.4,101.03,4221
2025-10-13 14:00:00+05:30,101.03,101.35,101.0,101.01,2990
2025-10-13 14:05:00+05:30,101.01,101.4,101.01,101.39,4334
2025-10-13 14:10:00+05:30,101.39,101.98,101.3,101.3,18487
2025-10-13 14:15:00+05:30,101.3,101.7,101.3,101.31,725
2025-10-13 14:20:00+05:30,101.31,101.8,101.31,101.37,2508
2025-10-13 14:25:00+05:30,101.37,102.3,101.37,102.3,17855
2025-10-13 14:30:00+05:30,102.3,102.3,101.71,102.3,15007
2025-10-13 14:35:00+05:30,102.3,102.3,101.85,102.3,1839
2025-10-13 14:40:00+05:30,102.3,102.3,101.87,102.3,4062
2025-10-13 14:45:00+05:30,101.87,101.87,98.65,101.0,73445
2025-10-13 14:50:00+05:30,101.0,101.25,99.43,100.99,18344
2025-10-13 14:55:00+05:30,100.62,100.94,100.04,100.46,2342
2025-10-13 15:00:00+05:30,100.47,101.8,100.47,101.7,8344
2025-10-13 15:05:00+05:30,101.7,102.25,100.55,101.39,18341
2025-10-13 15:10:00+05:30,101.39,102.3,99.7,101.45,42285
2025-10-13 15:15:00+05:30,102.29,102.3,101.05,102.3,20270
2025-10-13 15:20:00+05:30,102.3,102.3,101.32,102.0,5550
2025-10-13 15:25:00+05:30,102.3,102.3,101.26,102.3,15873
2025-10-14 09:15:00+05:30,106.79,106.79,98.3,99.64,85133
2025-10-14 09:20:00+05:30,99.59,99.9,99.0,99.47,10655
2025-10-14 09:25:00+05:30,99.0,101.48,98.4,100.5,13491
2025-10-14 09:30:00+05:30,100.5,100.78,99.22,99.99,11080
2025-10-14 09:35:00+05:30,99.99,99.99,99.0,99.36,3887
2025-10-14 09:40:00+05:30,99.38,99.4,97.43,98.0,15212
2025-10-14 09:45:00+05:30,98.0,98.0,96.51,96.51,5981
2025-10-14 09:50:00+05:30,96.51,97.78,96.3,96.61,6680
2025-10-14 09:55:00+05:30,96.61,97.12,96.61,96.74,2399
2025-10-14 10:00:00+05:30,96.74,98.34,96.74,97.81,5629
2025-10-14 10:05:00+05:30,97.81,98.34,97.81,98.3,3070
2025-10-14 10:10:00+05:30,98.3,98.3,95.63,96.24,8510
2025-10-14 10:15:00+05:30,96.24,97.0,96.24,96.9,2523
2025-10-14 10:20:00+05:30,96.9,97.0,96.62,96.68,1365
2025-10-14 10:25:00+05:30,96.68,97.59,96.68,97.14,2321
2025-10-14 10:30:00+05:30,97.14,97.28,97.02,97.03,151
2025-10-14 10:35:00+05:30,97.05,97.98,97.03,97.98,2557
2025-10-14 10:40:00+05:30,97.98,97.98,97.01,97.01,1246
2025-10-14 10:45:00+05:30,97.01,97.09,96.06,96.06,853
2025-10-14 10:50:00+05:30,96.06,96.5,96.06,96.31,269
2025-10-14 10:55:00+05:30,96.31,96.49,96.31,96.48,48
2025-10-14 11:00:00+05:30,96.48,97.94,96.48,97.94,1859
2025-10-14 11:05:00+05:30,97.94,97.94,97.19,97.19,669
2025-10-14 11:10:00+05:30,97.19,97.19,97.19,97.19,0
2025-10-14 11:15:00+05:30,97.19,97.59,96.37,96.53,1252
2025-10-14 11:20:00+05:30,96.31,96.78,96.0,96.78,9204
2025-10-14 11:25:00+05:30,96.78,96.9,96.2,96.78,1062
2025-10-14 11:30:00+05:30,96.78,96.83,96.22,96.29,808
2025-10-14 11:35:00+05:30,96.41,97.6,96.4,97.6,4421
2025-10-14 11:40:00+05:30,97.6,97.6,96.3,96.31,4306
2025-10-14 11:45:00+05:30,96.31,96.99,96.25,96.25,1581
2025-10-14 11:50:00+05:30,96.25,96.25,95.71,95.98,1903
2025-10-14 11:55:00+05:30,96.01,96.71,96.01,96.39,2526
2025-10-14 12:00:00+05:30,96.39,96.6,95.82,96.49,1883
2025-10-14 12:05:00+05:30,96.5,96.6,95.83,96.14,1168
2025-10-14 12:10:00+05:30,96.14,96.5,96.0,96.0,1366
2025-10-14 12:15:00+05:30,96.0,96.05,96.0,96.05,865
2025-10-14 12:20:00+05:30,96.05,96.32,96.05,96.28,256
2025-10-14 12:25:00+05:30,96.28,96.78,96.06,96.46,1219
2025-10-14 12:30:00+05:30,96.46,96.46,96.3,96.35,254
2025-10-14 12:35:00+05:30,96.35,96.35,96.35,96.35,0
2025-10-14 12:40:00+05:30,96.35,96.45,96.35,96.35,379
2025-10-14 12:45:00+05:30,96.35,96.79,96.35,96.72,268
2025-10-14 12:50:00+05:30,96.72,96.72,96.66,96.66,1
2025-10-14 12:55:00+05:30,96.66,96.66,96.0,96.0,4920
2025-10-14 13:00:00+05:30,96.0,96.49,95.8,96.49,825
2025-10-14 13:05:00+05:30,96.39,96.39,95.9,96.0,1083
2025-10-14 13:10:00+05:30,96.0,96.0,95.99,95.99,103
2025-10-14 13:15:00+05:30,95.99,96.0,95.62,95.96,911
2025-10-14 13:20:00+05:30,95.96,96.0,95.8,95.8,512
2025-10-14 13:25:00+05:30,96.0,96.0,96.0,96.0,104
2025-10-14 13:30:00+05:30,96.0,96.0,96.0,96.0,0
2025-10-14 13:35:00+05:30,96.0,96.0,95.95,95.95,170
2025-10-14 13:40:00+05:30,95.95,95.98,95.6,95.98,578
2025-10-14 13:45:00+05:30,95.98,95.98,95.98,95.98,212
2025-10-14 13:50:00+05:30,95.98,95.98,95.9,95.9,185
2025-10-14 13:55:00+05:30,95.9,96.0,95.9,96.0,1738
2025-10-14 14:00:00+05:30,96.0,96.56,96.0,96.56,670
2025-10-14 14:05:00+05:30,96.56,96.56,96.0,96.05,643
2025-10-14 14:10:00+05:30,96.05,96.05,96.03,96.03,366
2025-10-14 14:15:00+05:30,96.03,96.03,96.03,96.03,0
2025-10-14 14:20:00+05:30,96.03,96.72,96.03,96.72,720
2025-10-14 14:25:00+05:30,96.72,96.9,96.56,96.6,1124
2025-10-14 14:30:00+05:30,96.6,96.6,96.11,96.18,131
2025-10-14 14:35:00+05:30,96.13,96.59,96.12,96.4,608
2025-10-14 14:40:00+05:30,96.4,96.4,96.01,96.01,845
2025-10-14 14:45:00+05:30,96.01,96.01,95.8,95.85,602
2025-10-14 14:50:00+05:30,95.85,95.85,95.8,95.8,225
2025-10-14 14:55:00+05:30,95.8,95.8,95.55,95.56,1526
2025-10-14 15:00:00+05:30,95.56,96.0,95.56,95.61,1114
2025-10-14 15:05:00+05:30,95.61,95.78,95.49,95.49,570
2025-10-14 15:10:00+05:30,95.49,95.58,93.25,93.42,6949
2025-10-14 15:15:00+05:30,93.42,95.62,93.11,93.6,9219
2025-10-14 15:20:00+05:30,93.4,95.99,93.4,94.0,7202
2025-10-14 15:25:00+05:30,94.0,94.87,93.4,93.4,3928
2025-10-15 09:15:00+05:30,94.58,97.4,94.58,97.0,7998
2025-10-15 09:20:00+05:30,97.0,97.0,96.0,96.0,3399
2025-10-15 09:25:00+05:30,96.0,96.0,94.0,94.09,4515
2025-10-15 09:30:00+05:30,95.5,95.5,94.64,95.01,1644
2025-10-15 09:35:00+05:30,95.01,95.05,94.71,95.05,515
2025-10-15 09:40:00+05:30,95.05,95.07,94.87,94.87,49
2025-10-15 09:45:00+05:30,94.82,95.23,94.8,95.18,862
2025-10-15 09:50:00+05:30,95.18,95.18,94.53,94.53,1988
2025-10-15 09:55:00+05:30,94.53,94.53,91.7,92.57,6044
2025-10-15 10:00:00+05:30,92.59,92.86,90.2,91.8,11646
2025-10-15 10:05:00+05:30,91.8,92.5,91.8,92.44,5716
2025-10-15 10:10:00+05:30,92.25,92.98,92.05,92.98,1301
2025-10-15 10:15:00+05:30,92.98,92.98,92.89,92.89,1270
2025-10-15 10:20:00+05:30,92.86,93.45,92.7,93.36,1050
2025-10-15 10:25:00+05:30,93.36,93.36,92.85,92.85,326
2025-10-15 10:30:00+05:30,92.85,92.85,92.85,92.85,0
2025-10-15 10:35:00+05:30,92.85,93.4,92.85,93.4,201
2025-10-15 10:40:00+05:30,93.4,93.4,93.4,93.4,201
2025-10-15 10:45:00+05:30,93.4,93.72,93.4,93.72,872
2025-10-15 10:50:00+05:30,93.72,93.72,92.8,92.98,2167
2025-10-15 10:55:00+05:30,92.98,94.13,92.98,94.0,1547
2025-10-15 11:00:00+05:30,94.0,94.58,93.47,93.47,845
2025-10-15 11:05:00+05:30,93.47,94.55,93.35,94.1,723
2025-10-15 11:10:00+05:30,94.39,94.39,93.99,94.19,2059
2025-10-15 11:15:00+05:30,94.15,94.15,92.94,92.94,1320
2025-10-15 11:20:00+05:30,92.94,96.0,92.94,96.0,6157
2025-10-15 11:25:00+05:30,96.0,96.7,95.75,95.98,17894
2025-10-15 11:30:00+05:30,95.98,96.24,95.0,95.3,3383
2025-10-15 11:35:00+05:30,95.3,95.99,94.71,94.84,1888
2025-10-15 11:40:00+05:30,95.1,95.99,95.1,95.6,6412
2025-10-15 11:45:00+05:30,95.6,95.6,92.6,94.5,5367
2025-10-15 11:50:00+05:30,94.5,94.6,93.76,94.11,481
2025-10-15 11:55:00+05:30,94.11,94.2,93.22,93.3,1097
2025-10-15 12:00:00+05:30,94.1,94.5,94.1,94.12,775
2025-10-15 12:05:00+05:30,94.12,94.66,94.12,94.66,186
2025-10-15 12:10:00+05:30,94.66,95.0,94.66,94.92,1931
2025-10-15 12:15:00+05:30,94.92,96.25,94.91,96.25,2559
2025-10-15 12:20:00+05:30,96.25,96.7,95.63,95.79,1907
2025-10-15 12:25:00+05:30,95.65,95.89,95.44,95.58,389
2025-10-15 12:30:00+05:30,95.58,95.58,95.45,95.57,23
2025-10-15 12:35:00+05:30,95.57,97.1,95.49,95.49,6746
2025-10-15 12:40:00+05:30,96.18,96.18,95.53,95.76,32
2025-10-15 12:45:00+05:30,95.76,96.01,95.47,96.01,409
2025-10-15 12:50:00+05:30,96.01,96.01,95.49,95.78,118
2025-10-15 12:55:00+05:30,95.78,95.97,95.78,95.84,75
2025-10-15 13:00:00+05:30,95.84,98.7,95.21,95.35,6514
2025-10-15 13:05:00+05:30,95.38,95.38,94.2,94.99,2392
2025-10-15 13:10:00+05:30,94.99,95.54,94.6,95.54,1890
2025-10-15 13:15:00+05:30,95.53,99.0,95.32,98.55,16453
2025-10-15 13:20:00+05:30,98.55,99.0,98.01,98.44,15006
2025-10-15 13:25:00+05:30,98.5,101.0,98.4,100.2,26570
2025-10-15 13:30:00+05:30,100.15,101.0,99.14,100.65,12946
2025-10-15 13:35:00+05:30,100.65,105.0,100.06,103.0,43572
2025-10-15 13:40:00+05:30,103.0,103.0,97.44,102.0,61362
2025-10-15 13:45:00+05:30,102.0,104.9,101.51,103.38,18905
2025-10-15 13:50:00+05:30,103.38,103.38,101.0,102.79,10908
2025-10-15 13:55:00+05:30,101.35,102.0,97.01,100.03,48639
2025-10-15 14:00:00+05:30,99.05,100.57,98.55,98.95,19780
2025-10-15 14:05:00+05:30,101.85,101.85,99.52,100.32,7330
2025-10-15 14:10:00+05:30,100.32,101.9,100.17,101.9,2521
2025-10-15 14:15:00+05:30,101.9,101.9,100.65,100.65,3528
2025-10-15 14:20:00+05:30,100.65,101.29,100.12,100.22,6067
2025-10-15 14:25:00+05:30,100.22,101.0,100.21,100.3,2526
2025-10-15 14:30:00+05:30,100.31,101.0,100.12,100.98,5297
2025-10-15 14:35:00+05:30,100.98,102.88,100.82,102.5,8203
2025-10-15 14:40:00+05:30,103.0,103.5,98.2,98.79,44445
2025-10-15 14:45:00+05:30,98.71,99.4,96.29,97.9,15299
2025-10-15 14:50:00+05:30,97.9,98.73,97.36,98.27,4073
2025-10-15 14:55:00+05:30,98.27,98.6,96.32,98.33,7420
2025-10-15 15:00:00+05:30,98.33,98.33,97.15,98.0,3278
2025-10-15 15:05:00+05:30,97.83,98.03,97.52,97.57,13505
2025-10-15 15:10:00+05:30,97.58,98.3,97.3,97.53,3781
2025-10-15 15:15:00+05:30,97.51,97.78,97.0,97.21,11195
2025-10-15 15:20:00+05:30,96.38,97.8,96.28,97.31,9837
2025-10-15 15:25:00+05:30,97.31,97.31,96.0,96.49,15145
